

----------------------------------------------------
STRUCTURE by Pritchard, Stephens and Donnelly (2000)
     and Falush, Stephens and Pritchard (2003)
       Code by Pritchard, Falush and Hubisz
             Version 2.3.4 (Jul 2012)
----------------------------------------------------



Command line arguments:   ./structure -m mainparams_bws18_k5_2 
Input File:    bws18_structure.txt

Run parameters:
   141 individuals
   13 loci
   5 populations assumed
   10000 Burn-in period
   20000 Reps


--------------------------------------------
Proportion of membership of each pre-defined
 population in each of the 5 clusters

Given    Inferred Clusters                     Number of
 Pop       1      2      3      4      5      Individuals

 17:     0.156  0.202  0.303  0.144  0.195       18
 22:     0.151  0.210  0.192  0.291  0.156       11
 29:     0.158  0.169  0.225  0.274  0.174       14
 62:     0.193  0.264  0.136  0.204  0.202       20
122:     0.202  0.166  0.323  0.152  0.157       14
193:     0.212  0.147  0.158  0.291  0.192       14
205:     0.159  0.160  0.165  0.339  0.177       21
286:     0.146  0.183  0.197  0.262  0.213       14
328:     0.250  0.209  0.177  0.124  0.241       15
--------------------------------------------

Allele-freq. divergence among pops (Net nucleotide distance),
computed using point estimates of P.

      1       2       3       4       5      
 1      -    0.0176  0.0086  0.0222  0.0056  
 2   0.0176     -    0.0125  0.0255  0.0104  
 3   0.0086  0.0125     -    0.0143  0.0079  
 4   0.0222  0.0255  0.0143     -    0.0221  
 5   0.0056  0.0104  0.0079  0.0221     -    

Average distances (expected heterozygosity) between individuals in same cluster:
cluster  1  : 0.6762 
cluster  2  : 0.6638 
cluster  3  : 0.7458 
cluster  4  : 0.6624 
cluster  5  : 0.6821 

--------------------------------------------
Estimated Ln Prob of Data   = -5404.1
Mean value of ln likelihood = -4882.8
Variance of ln likelihood   = 1042.5
Mean value of alpha         = 0.1239

Mean value of Fst_1         = 0.1056
Mean value of Fst_2         = 0.1106
Mean value of Fst_3         = 0.0047
Mean value of Fst_4         = 0.0925
Mean value of Fst_5         = 0.1046


Inferred ancestry of individuals:
        Label (%Miss) Pop:  Inferred clusters
  1    0079C    (0)   17 :  0.236 0.048 0.403 0.162 0.151 
  2    0079D    (0)   17 :  0.299 0.350 0.127 0.096 0.128 
  3    0079E   (23)   17 :  0.080 0.140 0.565 0.052 0.163 
  4    0079G    (0)   17 :  0.220 0.138 0.319 0.185 0.137 
  5    0082A    (0)   17 :  0.074 0.233 0.232 0.064 0.397 
  6    0082B    (0)   17 :  0.034 0.487 0.041 0.036 0.403 
  7    0082C   (15)   17 :  0.306 0.055 0.084 0.254 0.301 
  8    0082D   (23)   17 :  0.106 0.272 0.327 0.204 0.091 
  9    0121B   (38)   22 :  0.087 0.232 0.173 0.135 0.373 
 10    0121C    (0)   22 :  0.084 0.036 0.129 0.686 0.066 
 11    0147A   (38)   29 :  0.204 0.256 0.334 0.075 0.131 
 12    0147B    (7)   29 :  0.061 0.060 0.084 0.755 0.040 
 13    0147D   (30)   29 :  0.101 0.377 0.130 0.293 0.098 
 14    0167A    (0)   17 :  0.258 0.189 0.333 0.135 0.085 
 15    0167B    (0)   17 :  0.226 0.218 0.355 0.049 0.153 
 16    0167C    (0)   17 :  0.074 0.215 0.198 0.073 0.441 
 17    0309A    (0)   62 :  0.090 0.688 0.040 0.046 0.137 
 18    0309C    (0)   62 :  0.236 0.279 0.198 0.165 0.122 
 19    0309D   (30)   62 :  0.074 0.557 0.079 0.082 0.208 
 20    0309E   (15)   62 :  0.117 0.565 0.146 0.045 0.127 
 21    0625A    (7)   122 :  0.258 0.348 0.134 0.102 0.159 
 22    0625B    (0)   122 :  0.225 0.258 0.248 0.069 0.200 
 23    0625C    (0)   122 :  0.327 0.193 0.298 0.029 0.154 
 24    0625D    (0)   122 :  0.349 0.177 0.138 0.129 0.207 
 25    1029C   (23)   193 :  0.064 0.259 0.087 0.538 0.051 
 26    1029D   (30)   193 :  0.100 0.094 0.113 0.598 0.095 
 27    1029G   (46)   193 :  0.164 0.194 0.254 0.100 0.288 
 28    1187A    (0)   29 :  0.053 0.089 0.043 0.786 0.028 
 29    1187B    (0)   29 :  0.187 0.114 0.255 0.190 0.253 
 30    1187C    (0)   29 :  0.081 0.225 0.066 0.584 0.044 
 31    1187D   (15)   29 :  0.154 0.191 0.263 0.146 0.246 
 32    1187E    (0)   29 :  0.209 0.166 0.081 0.023 0.521 
 33    1314A   (15)   193 :  0.458 0.036 0.038 0.052 0.416 
 34    1314B   (15)   193 :  0.332 0.206 0.152 0.085 0.226 
 35    1314C    (0)   193 :  0.271 0.336 0.132 0.129 0.132 
 36    1314D    (0)   193 :  0.107 0.077 0.109 0.614 0.093 
 37    1314E    (7)   193 :  0.337 0.141 0.068 0.065 0.388 
 38    1319A    (0)   62 :  0.188 0.290 0.121 0.089 0.311 
 39    1319B    (7)   62 :  0.345 0.235 0.071 0.071 0.278 
 40    1600A    (0)   29 :  0.352 0.276 0.124 0.049 0.199 
 41    1600B    (0)   29 :  0.217 0.153 0.272 0.161 0.197 
 42    1600C    (7)   29 :  0.140 0.071 0.093 0.556 0.140 
 43    1630A    (7)   193 :  0.053 0.055 0.147 0.683 0.062 
 44    1630B   (15)   193 :  0.444 0.042 0.048 0.145 0.321 
 45    1630C   (46)   193 :  0.056 0.260 0.132 0.418 0.133 
 46    1711A    (7)   286 :  0.064 0.418 0.063 0.040 0.414 
 47    1711B    (0)   286 :  0.061 0.384 0.122 0.041 0.392 
 48    1711C   (46)   286 :  0.451 0.060 0.072 0.096 0.321 
 49    1711D   (23)   286 :  0.122 0.241 0.395 0.169 0.073 
 50    1711E   (30)   286 :  0.054 0.616 0.076 0.150 0.103 
 51    1715A    (0)   205 :  0.105 0.047 0.056 0.687 0.105 
 52    1715B    (0)   205 :  0.054 0.050 0.052 0.782 0.062 
 53    1715C    (0)   205 :  0.047 0.061 0.393 0.362 0.137 
 54    1715D    (0)   205 :  0.375 0.259 0.138 0.062 0.165 
 55    1715E    (0)   205 :  0.105 0.086 0.066 0.648 0.096 
 56    1726A    (0)   205 :  0.075 0.045 0.055 0.766 0.059 
 57    1726B   (23)   205 :  0.214 0.115 0.139 0.254 0.277 
 58    1783A   (46)   205 :  0.089 0.097 0.172 0.574 0.067 
 59    1783B    (0)   205 :  0.054 0.239 0.075 0.500 0.133 
 60    1783C    (0)   205 :  0.078 0.198 0.130 0.491 0.102 
 61    1783D    (0)   205 :  0.044 0.067 0.059 0.801 0.028 
 62    1783E    (0)   205 :  0.151 0.051 0.567 0.086 0.145 
 63    2008C    (0)   62 :  0.052 0.210 0.181 0.493 0.064 
 64    2008D    (0)   62 :  0.238 0.150 0.380 0.102 0.130 
 65    2008E    (7)   62 :  0.147 0.475 0.091 0.135 0.152 
 66    2008F   (38)   62 :  0.355 0.083 0.072 0.177 0.312 
 67    2008G    (7)   62 :  0.208 0.350 0.113 0.231 0.097 
 68    2008H    (0)   62 :  0.452 0.039 0.053 0.055 0.400 
 69    2033A   (23)   328 :  0.080 0.171 0.269 0.326 0.154 
 70    2159A    (0)   328 :  0.444 0.143 0.056 0.030 0.327 
 71    2159B    (0)   328 :  0.553 0.025 0.029 0.020 0.374 
 72    2159C    (0)   328 :  0.342 0.184 0.242 0.130 0.101 
 73    2159D    (0)   328 :  0.553 0.022 0.027 0.019 0.379 
 74    2159E    (0)   328 :  0.191 0.106 0.110 0.336 0.257 
 75    2341B    (7)   62 :  0.100 0.551 0.040 0.018 0.291 
 76    2341C    (0)   62 :  0.042 0.051 0.407 0.453 0.046 
 77    2351A    (0)   62 :  0.103 0.216 0.266 0.048 0.367 
 78    2366A   (46)   122 :  0.205 0.155 0.202 0.213 0.225 
 79    2366B   (46)   122 :  0.173 0.127 0.206 0.379 0.115 
 80    2366C    (0)   122 :  0.080 0.031 0.362 0.468 0.059 
 81    2366D    (0)   122 :  0.126 0.095 0.581 0.034 0.164 
 82    2409A   (15)   122 :  0.096 0.297 0.060 0.045 0.502 
 83    2423C    (0)   205 :  0.269 0.125 0.142 0.313 0.151 
 84    2423D    (7)   205 :  0.398 0.280 0.095 0.068 0.159 
 85    2423E   (30)   205 :  0.163 0.124 0.483 0.088 0.142 
 86    2856A   (23)   22 :  0.038 0.116 0.117 0.578 0.151 
 87    2856B    (7)   22 :  0.126 0.106 0.348 0.318 0.102 
 88    2856C    (7)   22 :  0.058 0.401 0.109 0.069 0.364 
 89    2856E   (23)   22 :  0.320 0.351 0.088 0.050 0.190 
 90    3026A    (0)   17 :  0.048 0.040 0.419 0.431 0.061 
 91    3026B   (15)   17 :  0.175 0.270 0.326 0.045 0.184 
 92    3253A    (0)   205 :  0.248 0.418 0.153 0.083 0.098 
 93    3280A    (0)   328 :  0.106 0.570 0.112 0.059 0.153 
 94    3280B    (0)   328 :  0.294 0.161 0.359 0.028 0.159 
 95    3760C   (23)   122 :  0.012 0.010 0.956 0.011 0.011 
 96    4249A    (0)   193 :  0.130 0.099 0.395 0.177 0.199 
 97    4316A    (7)   17 :  0.115 0.187 0.347 0.123 0.227 
 98    4316B    (0)   17 :  0.215 0.147 0.407 0.128 0.104 
 99    4316C   (15)   17 :  0.145 0.095 0.465 0.193 0.102 
100    4316D   (15)   17 :  0.051 0.390 0.115 0.290 0.154 
101    4316E   (15)   17 :  0.143 0.167 0.388 0.069 0.233 
102    5597A   (23)   22 :  0.185 0.149 0.342 0.230 0.093 
103    5597B    (0)   22 :  0.125 0.437 0.191 0.170 0.077 
104    5597C    (0)   22 :  0.201 0.197 0.249 0.245 0.108 
105    5597D   (23)   22 :  0.105 0.091 0.069 0.634 0.100 
106    5637A    (0)   205 :  0.167 0.267 0.077 0.036 0.452 
107    5637C    (7)   205 :  0.268 0.069 0.219 0.322 0.122 
108    5637D   (38)   205 :  0.216 0.162 0.243 0.123 0.256 
109    5637E   (46)   205 :  0.105 0.317 0.090 0.034 0.454 
110    5637G   (46)   205 :  0.111 0.284 0.064 0.032 0.510 
111    5912A    (0)   286 :  0.130 0.194 0.236 0.059 0.382 
112    5912B    (0)   286 :  0.072 0.056 0.048 0.766 0.058 
113    5912C   (30)   286 :  0.110 0.175 0.123 0.076 0.515 
114    5912D   (30)   286 :  0.238 0.064 0.319 0.251 0.129 
115    5912E   (15)   286 :  0.129 0.059 0.210 0.515 0.086 
116    5954B   (38)   286 :  0.246 0.045 0.559 0.068 0.082 
117    5954C   (46)   286 :  0.301 0.153 0.060 0.143 0.342 
118    5954D   (46)   286 :  0.033 0.051 0.089 0.784 0.043 
119    5954E   (53)   286 :  0.031 0.040 0.385 0.505 0.039 
120    6136A    (0)   29 :  0.191 0.212 0.170 0.058 0.369 
121    6136B    (7)   29 :  0.067 0.069 0.746 0.029 0.089 
122    6136C   (15)   29 :  0.199 0.106 0.489 0.130 0.076 
123    6337A    (7)   328 :  0.037 0.623 0.050 0.020 0.269 
124    6337B    (0)   328 :  0.079 0.473 0.059 0.090 0.299 
125    6337C    (0)   328 :  0.053 0.331 0.199 0.063 0.354 
126    6337D   (15)   328 :  0.441 0.024 0.098 0.101 0.337 
127    6337E    (7)   328 :  0.301 0.063 0.380 0.051 0.206 
128    6382C    (0)   122 :  0.093 0.150 0.269 0.396 0.092 
129    6382E    (0)   122 :  0.372 0.146 0.257 0.072 0.153 
130    6382F   (46)   122 :  0.448 0.228 0.214 0.027 0.084 
131    6382G   (15)   122 :  0.070 0.109 0.601 0.150 0.070 
132    6514C    (0)   62 :  0.039 0.235 0.107 0.433 0.187 
133    6514E    (0)   62 :  0.135 0.082 0.112 0.513 0.159 
134    6514F    (0)   62 :  0.410 0.152 0.097 0.076 0.264 
135    6514G   (30)   62 :  0.029 0.036 0.084 0.806 0.045 
136    6514H   (15)   62 :  0.503 0.034 0.068 0.050 0.345 
137    6546B   (23)   328 :  0.186 0.096 0.525 0.072 0.121 
138    6546C   (30)   328 :  0.093 0.139 0.137 0.510 0.121 
139    6706A   (23)   193 :  0.305 0.178 0.205 0.113 0.199 
140    6706B   (30)   193 :  0.152 0.077 0.326 0.352 0.093 
141    6723B   (46)   22 :  0.330 0.197 0.290 0.090 0.092 


Estimated Allele Frequencies in each cluster
First column gives estimated ancestral frequencies


Locus 1 : 
8 alleles
3.5% missing data
 148   (0.665) 0.692 0.791 0.669 0.807 0.670 
 146   (0.127) 0.189 0.095 0.123 0.109 0.211 
 147   (0.104) 0.092 0.090 0.103 0.042 0.094 
 142   (0.026) 0.006 0.006 0.026 0.015 0.007 
 137   (0.016) 0.006 0.004 0.015 0.003 0.004 
 161   (0.027) 0.006 0.005 0.031 0.005 0.006 
 172   (0.016) 0.005 0.004 0.015 0.003 0.005 
 151   (0.019) 0.004 0.004 0.019 0.016 0.004 

Locus 2 : 
16 alleles
5.7% missing data
 197   (0.273) 0.382 0.428 0.279 0.220 0.322 
 205   (0.110) 0.098 0.093 0.112 0.139 0.080 
 199   (0.074) 0.037 0.046 0.075 0.138 0.044 
 201   (0.162) 0.216 0.096 0.167 0.182 0.203 
 203   (0.058) 0.035 0.093 0.060 0.013 0.129 
 213   (0.040) 0.019 0.082 0.037 0.021 0.032 
 227   (0.039) 0.061 0.020 0.037 0.012 0.044 
 221   (0.027) 0.050 0.006 0.024 0.019 0.034 
 211   (0.055) 0.042 0.042 0.053 0.108 0.029 
 215   (0.025) 0.011 0.018 0.023 0.006 0.031 
 217   (0.027) 0.011 0.044 0.025 0.026 0.020 
 193   (0.039) 0.014 0.013 0.039 0.070 0.011 
 191   (0.030) 0.011 0.011 0.028 0.038 0.011 
 219   (0.015) 0.007 0.004 0.014 0.002 0.004 
 241   (0.013) 0.002 0.002 0.014 0.002 0.002 
 207   (0.014) 0.004 0.003 0.014 0.004 0.003 

Locus 3 : 
9 alleles
12.8% missing data
 201   (0.257) 0.272 0.276 0.255 0.388 0.249 
 207   (0.326) 0.402 0.220 0.336 0.396 0.326 
 204   (0.215) 0.171 0.322 0.215 0.135 0.280 
 210   (0.103) 0.118 0.095 0.101 0.055 0.099 
 219   (0.020) 0.006 0.024 0.018 0.005 0.011 
 198   (0.022) 0.009 0.006 0.022 0.007 0.010 
 213   (0.018) 0.005 0.026 0.016 0.007 0.007 
 216   (0.021) 0.013 0.004 0.022 0.005 0.006 
 189   (0.018) 0.004 0.027 0.016 0.003 0.013 

Locus 4 : 
12 alleles
12.8% missing data
 138   (0.139) 0.155 0.132 0.144 0.104 0.103 
 140   (0.190) 0.164 0.264 0.195 0.107 0.311 
 132   (0.183) 0.212 0.171 0.186 0.145 0.151 
 154   (0.016) 0.006 0.005 0.015 0.005 0.005 
 142   (0.125) 0.121 0.203 0.121 0.141 0.155 
 134   (0.055) 0.036 0.033 0.053 0.093 0.040 
 128   (0.033) 0.070 0.010 0.030 0.021 0.060 
 136   (0.099) 0.055 0.090 0.098 0.239 0.050 
 144   (0.061) 0.089 0.034 0.064 0.017 0.055 
 146   (0.027) 0.015 0.017 0.027 0.006 0.015 
 152   (0.028) 0.050 0.010 0.025 0.012 0.034 
 130   (0.045) 0.027 0.033 0.042 0.109 0.023 

Locus 5 : 
9 alleles
16.3% missing data
 257   (0.386) 0.605 0.411 0.384 0.407 0.498 
 271   (0.059) 0.038 0.029 0.062 0.042 0.030 
 259   (0.310) 0.255 0.389 0.304 0.445 0.314 
 261   (0.086) 0.051 0.097 0.088 0.039 0.070 
 263   (0.021) 0.009 0.018 0.020 0.005 0.008 
 269   (0.026) 0.011 0.017 0.024 0.007 0.041 
 273   (0.079) 0.023 0.026 0.087 0.049 0.027 
 265   (0.016) 0.005 0.004 0.016 0.003 0.005 
 267   (0.016) 0.004 0.008 0.015 0.003 0.008 

Locus 6 : 
15 alleles
4.3% missing data
 147   (0.162) 0.337 0.103 0.161 0.171 0.322 
 141   (0.109) 0.078 0.274 0.107 0.095 0.108 
 149   (0.102) 0.068 0.121 0.100 0.152 0.090 
 159   (0.070) 0.064 0.075 0.072 0.020 0.086 
 137   (0.097) 0.093 0.124 0.099 0.036 0.095 
 139   (0.040) 0.020 0.023 0.042 0.009 0.025 
 161   (0.053) 0.025 0.033 0.051 0.144 0.022 
 151   (0.064) 0.031 0.030 0.063 0.186 0.029 
 153   (0.080) 0.046 0.080 0.084 0.070 0.045 
 165   (0.055) 0.029 0.035 0.057 0.057 0.027 
 145   (0.062) 0.114 0.040 0.059 0.029 0.078 
 135   (0.014) 0.004 0.005 0.012 0.003 0.006 
 157   (0.037) 0.026 0.020 0.036 0.013 0.043 
 143   (0.033) 0.060 0.030 0.033 0.011 0.016 
 155   (0.021) 0.005 0.006 0.022 0.004 0.008 

Locus 7 : 
4 alleles
2.1% missing data
 138   (0.754) 0.819 0.847 0.754 0.734 0.869 
 144   (0.071) 0.049 0.046 0.070 0.099 0.027 
 132   (0.159) 0.126 0.101 0.161 0.164 0.101 
 135   (0.016) 0.007 0.005 0.014 0.003 0.004 

Locus 8 : 
12 alleles
20.6% missing data
 276   (0.067) 0.069 0.021 0.068 0.096 0.048 
 286   (0.138) 0.163 0.121 0.142 0.061 0.147 
 278   (0.199) 0.192 0.155 0.197 0.426 0.226 
 270   (0.033) 0.016 0.018 0.034 0.008 0.017 
 280   (0.219) 0.216 0.316 0.219 0.200 0.269 
 266   (0.037) 0.020 0.065 0.034 0.015 0.061 
 282   (0.148) 0.177 0.192 0.151 0.082 0.126 
 274   (0.030) 0.015 0.007 0.029 0.043 0.011 
 290   (0.027) 0.010 0.063 0.025 0.031 0.015 
 284   (0.037) 0.034 0.024 0.037 0.012 0.016 
 288   (0.041) 0.080 0.013 0.040 0.015 0.057 
 272   (0.023) 0.007 0.005 0.024 0.011 0.007 

Locus 9 : 
15 alleles
3.5% missing data
 146   (0.410) 0.480 0.484 0.420 0.568 0.480 
 178   (0.037) 0.013 0.010 0.040 0.014 0.017 
 170   (0.041) 0.072 0.035 0.042 0.011 0.028 
 166   (0.067) 0.049 0.045 0.065 0.068 0.047 
 172   (0.053) 0.030 0.035 0.052 0.094 0.022 
 168   (0.071) 0.077 0.154 0.067 0.040 0.083 
 162   (0.019) 0.005 0.008 0.017 0.007 0.011 
 148   (0.078) 0.075 0.086 0.075 0.086 0.106 
 160   (0.061) 0.098 0.071 0.058 0.022 0.114 
 174   (0.033) 0.017 0.015 0.034 0.014 0.016 
 158   (0.034) 0.042 0.013 0.031 0.018 0.031 
 154   (0.042) 0.022 0.027 0.041 0.039 0.026 
 164   (0.013) 0.003 0.003 0.012 0.006 0.003 
 180   (0.014) 0.002 0.002 0.015 0.002 0.002 
 142   (0.027) 0.015 0.010 0.029 0.012 0.014 

Locus 10 : 
7 alleles
5.0% missing data
 158   (0.760) 0.822 0.863 0.756 0.915 0.825 
 160   (0.124) 0.135 0.107 0.125 0.042 0.139 
 154   (0.026) 0.008 0.010 0.025 0.014 0.009 
 156   (0.024) 0.014 0.007 0.023 0.015 0.009 
 152   (0.034) 0.007 0.007 0.041 0.006 0.007 
 144   (0.017) 0.011 0.003 0.015 0.004 0.008 
 162   (0.014) 0.003 0.003 0.014 0.004 0.003 

Locus 11 : 
14 alleles
29.1% missing data
 214   (0.153) 0.127 0.090 0.167 0.173 0.102 
 220   (0.148) 0.217 0.100 0.147 0.136 0.190 
 210   (0.090) 0.085 0.145 0.087 0.085 0.066 
 218   (0.254) 0.329 0.487 0.248 0.284 0.375 
 192   (0.017) 0.005 0.005 0.016 0.004 0.006 
 194   (0.016) 0.004 0.005 0.016 0.004 0.006 
 212   (0.036) 0.040 0.015 0.034 0.024 0.034 
 222   (0.096) 0.096 0.076 0.094 0.145 0.091 
 224   (0.022) 0.007 0.013 0.020 0.007 0.021 
 216   (0.081) 0.053 0.040 0.080 0.114 0.079 
 200   (0.017) 0.004 0.003 0.018 0.003 0.003 
 204   (0.017) 0.004 0.003 0.018 0.003 0.004 
 188   (0.036) 0.024 0.011 0.039 0.009 0.019 
 208   (0.017) 0.005 0.006 0.016 0.009 0.005 

Locus 12 : 
17 alleles
18.4% missing data
 144   (0.041) 0.033 0.015 0.043 0.024 0.027 
 162   (0.047) 0.041 0.022 0.050 0.019 0.023 
 170   (0.042) 0.019 0.047 0.040 0.036 0.028 
 148   (0.082) 0.125 0.078 0.077 0.118 0.149 
 142   (0.068) 0.048 0.095 0.064 0.100 0.141 
 154   (0.042) 0.025 0.020 0.040 0.054 0.041 
 146   (0.351) 0.486 0.377 0.363 0.429 0.390 
 164   (0.050) 0.024 0.025 0.050 0.066 0.028 
 168   (0.029) 0.023 0.017 0.029 0.010 0.013 
 156   (0.054) 0.066 0.170 0.051 0.026 0.067 
 172   (0.037) 0.035 0.034 0.035 0.019 0.024 
 166   (0.054) 0.031 0.060 0.055 0.042 0.038 
 158   (0.033) 0.026 0.016 0.035 0.007 0.012 
 150   (0.016) 0.005 0.007 0.015 0.005 0.004 
 174   (0.014) 0.003 0.003 0.015 0.002 0.003 
 182   (0.014) 0.005 0.004 0.014 0.004 0.004 
 160   (0.026) 0.006 0.009 0.026 0.041 0.008 

Locus 13 : 
15 alleles
31.2% missing data
 285   (0.282) 0.321 0.344 0.280 0.312 0.365 
 291   (0.119) 0.089 0.100 0.117 0.302 0.072 
 289   (0.171) 0.276 0.185 0.173 0.115 0.206 
 277   (0.043) 0.022 0.016 0.042 0.065 0.020 
 273   (0.036) 0.011 0.180 0.033 0.013 0.105 
 293   (0.065) 0.042 0.037 0.072 0.019 0.037 
 287   (0.047) 0.120 0.020 0.044 0.016 0.101 
 295   (0.051) 0.017 0.021 0.051 0.090 0.018 
 301   (0.019) 0.005 0.005 0.017 0.014 0.005 
 303   (0.030) 0.013 0.029 0.029 0.012 0.011 
 279   (0.028) 0.026 0.015 0.028 0.012 0.012 
 181   (0.018) 0.005 0.011 0.016 0.004 0.011 
 283   (0.039) 0.020 0.009 0.044 0.009 0.011 
 281   (0.020) 0.007 0.012 0.018 0.006 0.005 
 297   (0.034) 0.027 0.017 0.036 0.011 0.020 

Values of parameters used in structure:
DATAFILE=bws18_structure.txt,	OUTFILE=bws18_structurek5_2_results,	NUMINDS=141,	NUMLOCI=13,	MISSING=-9,	LABEL=1,	POPDATA=1,	POPFLAG=0,	PHENOTYPE=0,	EXTRACOLS=0,	MAXPOPS=5,	BURNIN=10000,	NUMREPS=20000,	USEPOPINFO=0,	INFERALPHA=1,	INFERLAMBDA=0,	POPSPECIFICLAMBDA=0,	POPALPHAS=0,	COMPUTEPROB=1,	NOADMIX=0,	ADMBURNIN=500,	UPDATEFREQ=100,	PRINTLIKES=0,	INTERMEDSAVE=0,	PRINTKLD=0,	PRINTNET=1,	PRINTLAMBDA=1,	ANCESTDIST=0,	NUMBOXES=1000,	ANCESTPINT=0.90000,	GENSBACK=2,	MIGRPRIOR=0.01000,	PRINTQHAT=0,	PRINTQSUM=1,	ALPHA=1.0000,	FREQSCORR=1,	FPRIORMEAN=0.0100,	FPRIORSD=0.0500,	ONEFST=0,	LAMBDA=1.0000,	UNIFPRIORALPHA=1,	ALPHAMAX=10.0000,	ALPHAPRIORA=1.0000,	ALPHAPRIORB=2.0000,	ALPHAPROPSD=0.0250,	STARTATPOPINFO=0,	RANDOMIZE=1,	LINKAGE=0,	METROFREQ=10,	REPORTHITRATE=0,	MARKOVPHASE=0,	PHASED=0,	PLOIDY=2,	PHASEINFO=0	LOCPRIOR=0, 	LOCPRIORINIT=1.000000, 	LOCDATA=0, 	LOCISPOP=1, 	LOCPRIORSTEP=0.100000, 	MAXLOCPRIOR=20.000000, 	SEED=1680179543,	
[STRAT parameters]:    NUMSIMSTATS=1000,	PHENOTYPECOL=-9,	POOLFREQ=10,	LOCUSxONLY=0,	EMERROR=0.00100,	MISSINGPHENO=-9,	