

----------------------------------------------------
STRUCTURE by Pritchard, Stephens and Donnelly (2000)
     and Falush, Stephens and Pritchard (2003)
       Code by Pritchard, Falush and Hubisz
             Version 2.3.4 (Jul 2012)
----------------------------------------------------



Command line arguments:   ./structure -m mainparams_bws18_k5_3 
Input File:    bws18_structure.txt

Run parameters:
   136 individuals
   13 loci
   5 populations assumed
   10000 Burn-in period
   20000 Reps


--------------------------------------------
Proportion of membership of each pre-defined
 population in each of the 5 clusters

Given    Inferred Clusters                     Number of
 Pop       1      2      3      4      5      Individuals

 17:     0.230  0.224  0.021  0.228  0.297       18
 22:     0.245  0.172  0.189  0.143  0.252       11
 29:     0.241  0.313  0.042  0.180  0.224       13
 62:     0.349  0.248  0.082  0.147  0.174       20
122:     0.303  0.118  0.209  0.256  0.114       14
193:     0.183  0.179  0.202  0.207  0.229       14
205:     0.293  0.250  0.109  0.187  0.161       19
286:     0.138  0.220  0.433  0.060  0.149       13
328:     0.304  0.325  0.068  0.174  0.129       14
--------------------------------------------

Allele-freq. divergence among pops (Net nucleotide distance),
computed using point estimates of P.

      1       2       3       4       5      
 1      -    0.0139  0.1865  0.0121  0.0917  
 2   0.0139     -    0.1911  0.0154  0.0899  
 3   0.1865  0.1911     -    0.1665  0.1240  
 4   0.0121  0.0154  0.1665     -    0.0764  
 5   0.0917  0.0899  0.1240  0.0764     -    

Average distances (expected heterozygosity) between individuals in same cluster:
cluster  1  : 0.6857 
cluster  2  : 0.6820 
cluster  3  : 0.5414 
cluster  4  : 0.7498 
cluster  5  : 0.6129 

--------------------------------------------
Estimated Ln Prob of Data   = -5842.0
Mean value of ln likelihood = -5502.1
Variance of ln likelihood   = 679.8
Mean value of alpha         = 0.0935

Mean value of Fst_1         = 0.0725
Mean value of Fst_2         = 0.0765
Mean value of Fst_3         = 0.3188
Mean value of Fst_4         = 0.0334
Mean value of Fst_5         = 0.1613


Inferred ancestry of individuals:
        Label (%Miss) Pop:  Inferred clusters
  1    0079C    (0)   17 :  0.288 0.036 0.008 0.657 0.012 
  2    0079D    (0)   17 :  0.663 0.263 0.007 0.050 0.017 
  3    0079E    (0)   17 :  0.036 0.069 0.013 0.074 0.809 
  4    0079G    (0)   17 :  0.326 0.500 0.009 0.150 0.015 
  5    0082A    (0)   17 :  0.081 0.257 0.006 0.623 0.034 
  6    0082B    (0)   17 :  0.048 0.896 0.012 0.031 0.014 
  7    0082C    (0)   17 :  0.056 0.132 0.090 0.045 0.678 
  8    0082D    (0)   17 :  0.022 0.023 0.008 0.025 0.922 
  9    0121B    (0)   22 :  0.038 0.053 0.304 0.045 0.560 
 10    0121C    (0)   22 :  0.568 0.342 0.008 0.072 0.009 
 11    0147A    (0)   29 :  0.010 0.008 0.115 0.010 0.858 
 12    0147B    (0)   29 :  0.536 0.199 0.051 0.072 0.142 
 13    0147D    (0)   29 :  0.020 0.022 0.059 0.033 0.865 
 14    0167A    (0)   17 :  0.685 0.168 0.007 0.128 0.012 
 15    0167B    (0)   17 :  0.403 0.109 0.006 0.306 0.175 
 16    0167C    (0)   17 :  0.110 0.760 0.006 0.099 0.024 
 17    0309A    (0)   62 :  0.502 0.425 0.007 0.045 0.021 
 18    0309C    (0)   62 :  0.713 0.163 0.007 0.103 0.014 
 19    0309D    (0)   62 :  0.045 0.088 0.336 0.026 0.505 
 20    0309E    (0)   62 :  0.122 0.054 0.012 0.021 0.791 
 21    0625A    (0)   122 :  0.367 0.154 0.017 0.206 0.256 
 22    0625B    (0)   122 :  0.505 0.174 0.006 0.266 0.049 
 23    0625C    (0)   122 :  0.840 0.061 0.007 0.082 0.011 
 24    0625D    (0)   122 :  0.866 0.085 0.007 0.033 0.009 
 25    1029C    (0)   193 :  0.063 0.126 0.033 0.042 0.736 
 26    1029D    (0)   193 :  0.016 0.018 0.035 0.016 0.914 
 27    1029G    (0)   193 :  0.014 0.036 0.579 0.020 0.350 
 28    1187B    (0)   29 :  0.090 0.815 0.009 0.069 0.016 
 29    1187C    (0)   29 :  0.313 0.539 0.007 0.093 0.049 
 30    1187D    (0)   29 :  0.167 0.086 0.010 0.088 0.649 
 31    1187E    (0)   29 :  0.054 0.835 0.007 0.093 0.011 
 32    1314A    (0)   193 :  0.080 0.224 0.121 0.392 0.183 
 33    1314B    (0)   193 :  0.188 0.084 0.031 0.648 0.049 
 34    1314C    (0)   193 :  0.729 0.198 0.007 0.043 0.023 
 35    1314D    (0)   193 :  0.284 0.627 0.007 0.070 0.012 
 36    1314E    (0)   193 :  0.161 0.253 0.084 0.408 0.095 
 37    1319A    (0)   62 :  0.249 0.623 0.007 0.094 0.027 
 38    1319B    (0)   62 :  0.488 0.230 0.010 0.055 0.218 
 39    1600A    (0)   29 :  0.528 0.334 0.008 0.109 0.021 
 40    1600B    (0)   29 :  0.484 0.196 0.007 0.298 0.014 
 41    1600C    (0)   29 :  0.150 0.455 0.025 0.327 0.043 
 42    1630A    (0)   193 :  0.217 0.390 0.067 0.203 0.124 
 43    1630B    (0)   193 :  0.141 0.275 0.208 0.148 0.228 
 44    1630C    (0)   193 :  0.022 0.026 0.604 0.022 0.327 
 45    1711A    (0)   286 :  0.037 0.822 0.044 0.023 0.075 
 46    1711B    (0)   286 :  0.024 0.928 0.007 0.031 0.011 
 47    1711C    (0)   286 :  0.016 0.011 0.405 0.017 0.551 
 48    1711D    (0)   286 :  0.268 0.092 0.343 0.245 0.051 
 49    1711E    (0)   286 :  0.017 0.016 0.092 0.019 0.856 
 50    1715B    (0)   205 :  0.277 0.479 0.008 0.215 0.021 
 51    1715C    (0)   205 :  0.085 0.149 0.007 0.731 0.028 
 52    1715D    (0)   205 :  0.642 0.206 0.008 0.133 0.011 
 53    1715E    (0)   205 :  0.585 0.060 0.010 0.326 0.019 
 54    1726A    (0)   205 :  0.205 0.644 0.013 0.120 0.019 
 55    1726B    (0)   205 :  0.065 0.069 0.068 0.108 0.690 
 56    1783A    (0)   205 :  0.009 0.011 0.960 0.009 0.011 
 57    1783B    (0)   205 :  0.100 0.818 0.009 0.037 0.036 
 58    1783C    (0)   205 :  0.376 0.416 0.009 0.176 0.023 
 59    1783D    (0)   205 :  0.295 0.604 0.011 0.081 0.010 
 60    1783E    (0)   205 :  0.254 0.059 0.007 0.669 0.011 
 61    2008C    (0)   62 :  0.364 0.508 0.006 0.106 0.017 
 62    2008D    (0)   62 :  0.745 0.071 0.007 0.158 0.019 
 63    2008E    (0)   62 :  0.407 0.375 0.050 0.125 0.043 
 64    2008F    (0)   62 :  0.022 0.023 0.408 0.016 0.531 
 65    2008G    (0)   62 :  0.519 0.133 0.044 0.084 0.219 
 66    2008H    (0)   62 :  0.337 0.217 0.007 0.409 0.030 
 67    2033A    (0)   328 :  0.096 0.062 0.157 0.673 0.012 
 68    2159A    (0)   328 :  0.686 0.156 0.007 0.092 0.059 
 69    2159B    (0)   328 :  0.642 0.174 0.006 0.162 0.016 
 70    2159C    (0)   328 :  0.634 0.149 0.010 0.193 0.014 
 71    2159E    (0)   328 :  0.188 0.742 0.006 0.053 0.011 
 72    2341B    (0)   62 :  0.379 0.181 0.013 0.080 0.347 
 73    2341C    (0)   62 :  0.217 0.155 0.009 0.605 0.014 
 74    2351A    (0)   62 :  0.309 0.227 0.005 0.421 0.038 
 75    2366A    (0)   122 :  0.021 0.045 0.869 0.049 0.015 
 76    2366B    (0)   122 :  0.011 0.014 0.956 0.008 0.012 
 77    2366C    (0)   122 :  0.163 0.036 0.008 0.782 0.011 
 78    2366D    (0)   122 :  0.175 0.070 0.007 0.732 0.017 
 79    2409A    (0)   122 :  0.044 0.261 0.027 0.045 0.624 
 80    2423C    (0)   205 :  0.743 0.132 0.019 0.091 0.015 
 81    2423D    (0)   205 :  0.493 0.230 0.010 0.044 0.223 
 82    2423E    (0)   205 :  0.048 0.034 0.106 0.176 0.635 
 83    2856A    (0)   22 :  0.064 0.379 0.289 0.140 0.128 
 84    2856B    (0)   22 :  0.144 0.072 0.021 0.732 0.031 
 85    2856C    (0)   22 :  0.045 0.743 0.026 0.083 0.103 
 86    2856E    (0)   22 :  0.134 0.055 0.015 0.034 0.763 
 87    3026A    (0)   17 :  0.151 0.220 0.007 0.581 0.041 
 88    3026B    (0)   17 :  0.093 0.080 0.007 0.226 0.594 
 89    3253A    (0)   205 :  0.820 0.094 0.011 0.066 0.010 
 90    3280A    (0)   328 :  0.466 0.309 0.008 0.176 0.041 
 91    3280B    (0)   328 :  0.716 0.128 0.007 0.135 0.014 
 92    3760C    (0)   122 :  0.007 0.006 0.230 0.751 0.006 
 93    4249A    (0)   193 :  0.225 0.067 0.008 0.684 0.016 
 94    4316A    (0)   17 :  0.246 0.114 0.005 0.266 0.369 
 95    4316B    (0)   17 :  0.684 0.164 0.008 0.129 0.016 
 96    4316C    (0)   17 :  0.133 0.035 0.165 0.541 0.126 
 97    4316D    (0)   17 :  0.036 0.162 0.008 0.022 0.771 
 98    4316E    (0)   17 :  0.075 0.040 0.007 0.157 0.722 
 99    5597A    (0)   22 :  0.067 0.027 0.037 0.051 0.817 
100    5597B    (0)   22 :  0.745 0.101 0.007 0.124 0.023 
101    5597C    (0)   22 :  0.687 0.060 0.006 0.225 0.022 
102    5597D    (0)   22 :  0.188 0.050 0.400 0.061 0.301 
103    5637A    (0)   205 :  0.331 0.251 0.010 0.356 0.051 
104    5637C    (0)   205 :  0.191 0.447 0.171 0.161 0.030 
105    5637D    (0)   205 :  0.029 0.028 0.262 0.029 0.652 
106    5637E    (0)   205 :  0.019 0.013 0.378 0.022 0.568 
107    5912A    (0)   286 :  0.580 0.253 0.010 0.140 0.017 
108    5912B    (0)   286 :  0.465 0.452 0.008 0.063 0.012 
109    5912C    (0)   286 :  0.238 0.208 0.431 0.115 0.008 
110    5912D    (0)   286 :  0.090 0.032 0.754 0.054 0.069 
111    5954B    (0)   286 :  0.009 0.009 0.952 0.023 0.007 
112    5954C    (0)   286 :  0.015 0.015 0.762 0.015 0.192 
113    5954D    (0)   286 :  0.027 0.012 0.860 0.018 0.083 
114    5954E    (0)   286 :  0.009 0.007 0.960 0.018 0.007 
115    6136A    (0)   29 :  0.264 0.537 0.008 0.147 0.043 
116    6136B    (0)   29 :  0.082 0.023 0.008 0.710 0.178 
117    6136C    (0)   29 :  0.430 0.019 0.227 0.295 0.029 
118    6337A    (0)   328 :  0.141 0.680 0.044 0.064 0.071 
119    6337B    (0)   328 :  0.087 0.879 0.006 0.018 0.010 
120    6337C    (0)   328 :  0.052 0.877 0.008 0.044 0.019 
121    6337D    (0)   328 :  0.091 0.093 0.045 0.143 0.628 
122    6337E    (0)   328 :  0.234 0.056 0.023 0.331 0.356 
123    6382C    (0)   122 :  0.275 0.628 0.007 0.077 0.013 
124    6382E    (0)   122 :  0.771 0.039 0.009 0.169 0.012 
125    6382F    (0)   122 :  0.133 0.012 0.749 0.088 0.018 
126    6382G    (0)   122 :  0.068 0.062 0.024 0.299 0.548 
127    6514C    (0)   62 :  0.090 0.750 0.034 0.108 0.017 
128    6514E    (0)   62 :  0.456 0.458 0.023 0.040 0.023 
129    6514F    (0)   62 :  0.724 0.072 0.007 0.177 0.019 
130    6514G    (0)   62 :  0.137 0.169 0.582 0.098 0.014 
131    6514H    (0)   62 :  0.147 0.035 0.070 0.168 0.580 
132    6546B    (0)   328 :  0.189 0.151 0.349 0.279 0.032 
133    6546C    (0)   328 :  0.039 0.094 0.272 0.069 0.527 
134    6706A    (0)   193 :  0.314 0.088 0.461 0.061 0.077 
135    6706B    (0)   193 :  0.112 0.089 0.585 0.138 0.077 
136    6723B    (0)   22 :  0.009 0.008 0.963 0.010 0.010 


Estimated Allele Frequencies in each cluster
First column gives estimated ancestral frequencies


Locus 1 : 
9 alleles
0.0% missing data
 148   (0.629) 0.762 0.671 0.596 0.660 0.773 
 146   (0.129) 0.070 0.254 0.047 0.124 0.127 
 147   (0.097) 0.131 0.043 0.066 0.096 0.045 
   0   (0.030) 0.005 0.006 0.228 0.013 0.022 
 142   (0.027) 0.007 0.009 0.002 0.037 0.007 
 137   (0.020) 0.012 0.004 0.001 0.010 0.002 
 161   (0.030) 0.005 0.006 0.007 0.041 0.010 
 172   (0.017) 0.004 0.004 0.001 0.010 0.012 
 151   (0.020) 0.003 0.004 0.052 0.008 0.002 

Locus 2 : 
17 alleles
0.0% missing data
 197   (0.233) 0.390 0.314 0.082 0.256 0.376 
 205   (0.100) 0.141 0.113 0.109 0.092 0.039 
 199   (0.075) 0.047 0.087 0.145 0.048 0.067 
 201   (0.158) 0.144 0.096 0.116 0.248 0.210 
 203   (0.068) 0.034 0.058 0.010 0.093 0.096 
 213   (0.042) 0.047 0.060 0.004 0.035 0.005 
 227   (0.026) 0.015 0.010 0.003 0.018 0.087 
 221   (0.033) 0.026 0.033 0.003 0.021 0.009 
 211   (0.066) 0.075 0.046 0.005 0.053 0.067 
 215   (0.022) 0.004 0.055 0.001 0.011 0.002 
   0   (0.019) 0.003 0.004 0.410 0.008 0.005 
 217   (0.029) 0.018 0.060 0.002 0.014 0.010 
 191   (0.036) 0.017 0.026 0.011 0.032 0.014 
 193   (0.043) 0.019 0.026 0.095 0.028 0.005 
 219   (0.018) 0.011 0.005 0.001 0.009 0.002 
 241   (0.016) 0.003 0.003 0.002 0.018 0.002 
 207   (0.017) 0.005 0.004 0.002 0.016 0.003 

Locus 3 : 
10 alleles
0.0% missing data
 201   (0.238) 0.324 0.310 0.023 0.241 0.241 
 207   (0.321) 0.393 0.273 0.080 0.360 0.291 
 204   (0.214) 0.145 0.269 0.023 0.263 0.250 
   0   (0.022) 0.004 0.004 0.794 0.011 0.038 
 210   (0.097) 0.110 0.092 0.012 0.068 0.110 
 219   (0.021) 0.004 0.006 0.012 0.009 0.024 
 198   (0.026) 0.008 0.016 0.002 0.021 0.003 
 213   (0.018) 0.003 0.003 0.003 0.008 0.036 
 216   (0.018) 0.003 0.003 0.050 0.008 0.002 
 189   (0.024) 0.007 0.023 0.002 0.011 0.004 

Locus 4 : 
13 alleles
0.0% missing data
 138   (0.116) 0.125 0.087 0.011 0.144 0.158 
 140   (0.179) 0.184 0.250 0.021 0.228 0.168 
 132   (0.137) 0.199 0.133 0.258 0.127 0.065 
 154   (0.020) 0.007 0.010 0.001 0.010 0.002 
 142   (0.123) 0.107 0.172 0.047 0.111 0.177 
 134   (0.047) 0.018 0.052 0.180 0.024 0.015 
 128   (0.038) 0.011 0.018 0.017 0.028 0.090 
   0   (0.076) 0.019 0.047 0.429 0.083 0.214 
 136   (0.109) 0.105 0.144 0.016 0.115 0.072 
 144   (0.053) 0.085 0.027 0.006 0.059 0.024 
 146   (0.027) 0.023 0.020 0.002 0.014 0.003 
 152   (0.027) 0.038 0.014 0.005 0.014 0.003 
 130   (0.047) 0.080 0.025 0.008 0.044 0.008 

Locus 5 : 
10 alleles
0.0% missing data
 257   (0.353) 0.497 0.516 0.245 0.343 0.122 
 271   (0.058) 0.047 0.042 0.011 0.060 0.007 
 259   (0.311) 0.347 0.312 0.094 0.318 0.351 
   0   (0.064) 0.013 0.027 0.626 0.047 0.276 
 261   (0.061) 0.038 0.022 0.006 0.056 0.185 
 263   (0.021) 0.004 0.004 0.002 0.008 0.035 
 269   (0.029) 0.022 0.029 0.007 0.020 0.003 
 273   (0.064) 0.024 0.030 0.007 0.122 0.018 
 265   (0.020) 0.005 0.004 0.001 0.018 0.002 
 267   (0.018) 0.004 0.015 0.001 0.008 0.002 

Locus 6 : 
16 alleles
0.0% missing data
 147   (0.166) 0.195 0.157 0.204 0.216 0.236 
 141   (0.104) 0.126 0.157 0.036 0.085 0.202 
 149   (0.080) 0.074 0.156 0.107 0.053 0.114 
 159   (0.061) 0.065 0.054 0.005 0.048 0.130 
 137   (0.083) 0.102 0.132 0.013 0.082 0.066 
 139   (0.037) 0.029 0.026 0.004 0.046 0.006 
 161   (0.059) 0.064 0.035 0.040 0.044 0.097 
 151   (0.069) 0.089 0.086 0.080 0.062 0.017 
 153   (0.079) 0.065 0.063 0.092 0.102 0.023 
 165   (0.057) 0.036 0.038 0.023 0.057 0.039 
 145   (0.063) 0.084 0.035 0.023 0.073 0.030 
 135   (0.019) 0.003 0.004 0.012 0.008 0.008 
 157   (0.039) 0.022 0.032 0.003 0.049 0.023 
   0   (0.028) 0.006 0.006 0.234 0.026 0.003 
 143   (0.036) 0.034 0.014 0.122 0.021 0.005 
 155   (0.020) 0.006 0.006 0.002 0.028 0.002 

Locus 7 : 
5 alleles
0.0% missing data
 138   (0.712) 0.766 0.827 0.722 0.723 0.825 
 144   (0.088) 0.061 0.042 0.042 0.077 0.078 
 132   (0.145) 0.159 0.118 0.204 0.111 0.091 
   0   (0.036) 0.010 0.009 0.008 0.080 0.004 
 135   (0.019) 0.003 0.003 0.024 0.008 0.002 

Locus 8 : 
13 alleles
0.0% missing data
 276   (0.055) 0.067 0.039 0.005 0.063 0.011 
 286   (0.121) 0.146 0.137 0.009 0.146 0.036 
 278   (0.196) 0.185 0.276 0.032 0.233 0.167 
 270   (0.033) 0.016 0.010 0.002 0.023 0.038 
 280   (0.191) 0.229 0.285 0.024 0.174 0.211 
 266   (0.036) 0.011 0.096 0.002 0.018 0.012 
   0   (0.077) 0.024 0.027 0.891 0.082 0.235 
 282   (0.128) 0.224 0.065 0.017 0.133 0.111 
 274   (0.029) 0.022 0.012 0.002 0.019 0.008 
 290   (0.028) 0.005 0.014 0.002 0.012 0.100 
 284   (0.037) 0.041 0.011 0.010 0.031 0.006 
 288   (0.046) 0.022 0.022 0.004 0.039 0.062 
 272   (0.022) 0.008 0.006 0.001 0.027 0.002 

Locus 9 : 
16 alleles
0.0% missing data
 146   (0.366) 0.470 0.515 0.416 0.417 0.489 
 178   (0.025) 0.009 0.007 0.002 0.064 0.003 
 170   (0.054) 0.060 0.015 0.024 0.050 0.041 
 166   (0.067) 0.073 0.085 0.014 0.061 0.020 
 172   (0.051) 0.035 0.061 0.004 0.035 0.083 
 168   (0.069) 0.093 0.065 0.008 0.046 0.154 
 162   (0.023) 0.005 0.007 0.002 0.028 0.002 
 148   (0.075) 0.051 0.062 0.242 0.064 0.047 
 160   (0.063) 0.123 0.077 0.009 0.048 0.034 
 174   (0.037) 0.022 0.010 0.002 0.053 0.009 
 158   (0.036) 0.021 0.011 0.003 0.032 0.056 
   0   (0.027) 0.006 0.007 0.192 0.016 0.036 
 154   (0.045) 0.011 0.050 0.072 0.027 0.020 
 164   (0.018) 0.004 0.005 0.001 0.017 0.002 
 180   (0.020) 0.003 0.003 0.002 0.019 0.002 
 142   (0.025) 0.013 0.018 0.006 0.022 0.003 

Locus 10 : 
8 alleles
0.0% missing data
 158   (0.736) 0.814 0.908 0.585 0.745 0.824 
 160   (0.117) 0.151 0.060 0.011 0.123 0.116 
 154   (0.031) 0.008 0.009 0.002 0.022 0.033 
 156   (0.022) 0.004 0.004 0.072 0.009 0.002 
 152   (0.028) 0.006 0.005 0.002 0.059 0.004 
   0   (0.025) 0.008 0.005 0.325 0.015 0.003 
 144   (0.023) 0.005 0.005 0.002 0.012 0.010 
 162   (0.019) 0.004 0.004 0.001 0.014 0.008 

Locus 11 : 
15 alleles
0.0% missing data
 214   (0.136) 0.135 0.060 0.053 0.209 0.041 
 220   (0.114) 0.144 0.168 0.006 0.139 0.030 
 210   (0.062) 0.145 0.076 0.005 0.043 0.010 
 218   (0.223) 0.322 0.435 0.013 0.220 0.117 
 192   (0.019) 0.004 0.005 0.001 0.009 0.015 
 194   (0.021) 0.004 0.005 0.001 0.010 0.015 
 212   (0.038) 0.035 0.019 0.003 0.020 0.027 
   0   (0.069) 0.017 0.035 0.883 0.042 0.635 
 222   (0.111) 0.082 0.102 0.009 0.103 0.056 
 224   (0.028) 0.007 0.017 0.004 0.014 0.013 
 216   (0.084) 0.080 0.052 0.014 0.095 0.016 
 200   (0.025) 0.004 0.004 0.002 0.022 0.002 
 204   (0.019) 0.003 0.003 0.002 0.020 0.002 
 188   (0.032) 0.012 0.007 0.002 0.044 0.019 
 208   (0.019) 0.006 0.012 0.001 0.009 0.002 

Locus 12 : 
18 alleles
0.0% missing data
 144   (0.039) 0.013 0.009 0.065 0.055 0.004 
 162   (0.045) 0.041 0.021 0.013 0.051 0.005 
 170   (0.046) 0.029 0.056 0.004 0.034 0.005 
   0   (0.049) 0.020 0.012 0.063 0.037 0.742 
 148   (0.096) 0.061 0.107 0.089 0.101 0.041 
 142   (0.062) 0.037 0.198 0.051 0.047 0.024 
 154   (0.047) 0.019 0.041 0.008 0.059 0.007 
 146   (0.269) 0.507 0.305 0.524 0.313 0.085 
 164   (0.051) 0.040 0.050 0.004 0.059 0.005 
 168   (0.029) 0.029 0.012 0.002 0.026 0.006 
 156   (0.057) 0.079 0.078 0.011 0.033 0.048 
 172   (0.043) 0.040 0.014 0.013 0.045 0.006 
 166   (0.057) 0.039 0.061 0.015 0.056 0.012 
 158   (0.035) 0.019 0.010 0.035 0.032 0.004 
 150   (0.017) 0.007 0.004 0.006 0.011 0.002 
 174   (0.018) 0.003 0.003 0.003 0.019 0.001 
 182   (0.018) 0.011 0.005 0.001 0.009 0.002 
 160   (0.024) 0.005 0.012 0.094 0.012 0.002 

Locus 13 : 
16 alleles
0.0% missing data
 285   (0.275) 0.293 0.290 0.079 0.346 0.097 
 291   (0.134) 0.117 0.144 0.014 0.138 0.043 
 289   (0.113) 0.301 0.182 0.009 0.090 0.012 
   0   (0.077) 0.042 0.022 0.772 0.050 0.783 
 277   (0.042) 0.019 0.035 0.004 0.038 0.005 
 273   (0.037) 0.009 0.173 0.003 0.019 0.004 
 293   (0.047) 0.038 0.016 0.003 0.078 0.013 
 287   (0.063) 0.044 0.038 0.021 0.057 0.008 
 295   (0.052) 0.031 0.040 0.003 0.067 0.005 
 301   (0.014) 0.005 0.008 0.001 0.009 0.002 
 303   (0.026) 0.019 0.012 0.007 0.022 0.004 
 279   (0.030) 0.023 0.010 0.002 0.019 0.013 
 181   (0.019) 0.004 0.013 0.001 0.009 0.003 
 283   (0.027) 0.005 0.005 0.077 0.024 0.003 
 281   (0.019) 0.012 0.004 0.001 0.010 0.002 
 297   (0.025) 0.038 0.007 0.003 0.023 0.003 

Values of parameters used in structure:
DATAFILE=bws18_structure.txt,	OUTFILE=bws18_structurek5_3_results,	NUMINDS=136,	NUMLOCI=13,	MISSING=-9,	LABEL=1,	POPDATA=1,	POPFLAG=0,	PHENOTYPE=0,	EXTRACOLS=0,	MAXPOPS=5,	BURNIN=10000,	NUMREPS=20000,	USEPOPINFO=0,	INFERALPHA=1,	INFERLAMBDA=0,	POPSPECIFICLAMBDA=0,	POPALPHAS=0,	COMPUTEPROB=1,	NOADMIX=0,	ADMBURNIN=500,	UPDATEFREQ=100,	PRINTLIKES=0,	INTERMEDSAVE=0,	PRINTKLD=0,	PRINTNET=1,	PRINTLAMBDA=1,	ANCESTDIST=0,	NUMBOXES=1000,	ANCESTPINT=0.90000,	GENSBACK=2,	MIGRPRIOR=0.01000,	PRINTQHAT=0,	PRINTQSUM=1,	ALPHA=1.0000,	FREQSCORR=1,	FPRIORMEAN=0.0100,	FPRIORSD=0.0500,	ONEFST=0,	LAMBDA=1.0000,	UNIFPRIORALPHA=1,	ALPHAMAX=10.0000,	ALPHAPRIORA=1.0000,	ALPHAPRIORB=2.0000,	ALPHAPROPSD=0.0250,	STARTATPOPINFO=0,	RANDOMIZE=1,	LINKAGE=0,	METROFREQ=10,	REPORTHITRATE=0,	MARKOVPHASE=0,	PHASED=0,	PLOIDY=2,	PHASEINFO=0	LOCPRIOR=0, 	LOCPRIORINIT=1.000000, 	LOCDATA=0, 	LOCISPOP=1, 	LOCPRIORSTEP=0.100000, 	MAXLOCPRIOR=20.000000, 	SEED=1682095951,	
[STRAT parameters]:    NUMSIMSTATS=1000,	PHENOTYPECOL=-9,	POOLFREQ=10,	LOCUSxONLY=0,	EMERROR=0.00100,	MISSINGPHENO=-9,	