

----------------------------------------------------
STRUCTURE by Pritchard, Stephens and Donnelly (2000)
     and Falush, Stephens and Pritchard (2003)
       Code by Pritchard, Falush and Hubisz
             Version 2.3.4 (Jul 2012)
----------------------------------------------------



Command line arguments:   ./structure -m mainparams_bws18_k3_2 
Input File:    bws18_structure.txt

Run parameters:
   141 individuals
   13 loci
   3 populations assumed
   10000 Burn-in period
   20000 Reps


--------------------------------------------
Proportion of membership of each pre-defined
 population in each of the 3 clusters

Given    Inferred Clusters       Number of
 Pop       1      2      3      Individuals

 17:     0.260  0.322  0.418       18
 22:     0.413  0.283  0.304       11
 29:     0.374  0.326  0.301       14
 62:     0.389  0.374  0.237       20
122:     0.249  0.262  0.489       14
193:     0.422  0.361  0.218       14
205:     0.414  0.318  0.268       21
286:     0.350  0.310  0.341       14
328:     0.278  0.388  0.334       15
--------------------------------------------

Allele-freq. divergence among pops (Net nucleotide distance),
computed using point estimates of P.

      1       2       3      
 1      -    0.0067  0.0081  
 2   0.0067     -    0.0076  
 3   0.0081  0.0076     -    

Average distances (expected heterozygosity) between individuals in same cluster:
cluster  1  : 0.6708 
cluster  2  : 0.6721 
cluster  3  : 0.7419 

--------------------------------------------
Estimated Ln Prob of Data   = -5420.6
Mean value of ln likelihood = -5048.4
Variance of ln likelihood   = 744.4
Mean value of alpha         = 0.2109

Mean value of Fst_1         = 0.0709
Mean value of Fst_2         = 0.0757
Mean value of Fst_3         = 0.0051


Inferred ancestry of individuals:
        Label (%Miss) Pop:  Inferred clusters
  1    0079C    (0)   17 :  0.155 0.117 0.728 
  2    0079D    (0)   17 :  0.403 0.266 0.332 
  3    0079E   (23)   17 :  0.106 0.231 0.663 
  4    0079G    (0)   17 :  0.341 0.248 0.411 
  5    0082A    (0)   17 :  0.165 0.468 0.367 
  6    0082B    (0)   17 :  0.228 0.606 0.166 
  7    0082C   (15)   17 :  0.396 0.418 0.187 
  8    0082D   (23)   17 :  0.465 0.230 0.305 
  9    0121B   (38)   22 :  0.222 0.450 0.328 
 10    0121C    (0)   22 :  0.596 0.183 0.221 
 11    0147A   (38)   29 :  0.208 0.351 0.441 
 12    0147B    (7)   29 :  0.710 0.183 0.107 
 13    0147D   (30)   29 :  0.557 0.250 0.193 
 14    0167A    (0)   17 :  0.238 0.148 0.614 
 15    0167B    (0)   17 :  0.154 0.518 0.328 
 16    0167C    (0)   17 :  0.217 0.433 0.350 
 17    0309A    (0)   62 :  0.418 0.467 0.115 
 18    0309C    (0)   62 :  0.383 0.217 0.400 
 19    0309D   (30)   62 :  0.460 0.338 0.202 
 20    0309E   (15)   62 :  0.287 0.337 0.376 
 21    0625A    (7)   122 :  0.380 0.436 0.184 
 22    0625B    (0)   122 :  0.208 0.473 0.319 
 23    0625C    (0)   122 :  0.145 0.223 0.632 
 24    0625D    (0)   122 :  0.378 0.324 0.299 
 25    1029C   (23)   193 :  0.702 0.192 0.106 
 26    1029D   (30)   193 :  0.628 0.245 0.128 
 27    1029G   (46)   193 :  0.245 0.411 0.344 
 28    1187A    (0)   29 :  0.745 0.194 0.061 
 29    1187B    (0)   29 :  0.262 0.372 0.366 
 30    1187C    (0)   29 :  0.722 0.198 0.080 
 31    1187D   (15)   29 :  0.271 0.331 0.398 
 32    1187E    (0)   29 :  0.167 0.700 0.132 
 33    1314A   (15)   193 :  0.294 0.613 0.092 
 34    1314B   (15)   193 :  0.345 0.469 0.187 
 35    1314C    (0)   193 :  0.463 0.362 0.176 
 36    1314D    (0)   193 :  0.671 0.206 0.122 
 37    1314E    (7)   193 :  0.242 0.663 0.095 
 38    1319A    (0)   62 :  0.277 0.574 0.149 
 39    1319B    (7)   62 :  0.373 0.498 0.129 
 40    1600A    (0)   29 :  0.242 0.523 0.235 
 41    1600B    (0)   29 :  0.247 0.328 0.425 
 42    1600C    (7)   29 :  0.679 0.221 0.100 
 43    1630A    (7)   193 :  0.546 0.200 0.254 
 44    1630B   (15)   193 :  0.429 0.439 0.132 
 45    1630C   (46)   193 :  0.521 0.311 0.168 
 46    1711A    (7)   286 :  0.216 0.629 0.155 
 47    1711B    (0)   286 :  0.249 0.510 0.241 
 48    1711C   (46)   286 :  0.342 0.457 0.201 
 49    1711D   (23)   286 :  0.339 0.196 0.466 
 50    1711E   (30)   286 :  0.532 0.263 0.205 
 51    1715A    (0)   205 :  0.677 0.202 0.120 
 52    1715B    (0)   205 :  0.733 0.185 0.083 
 53    1715C    (0)   205 :  0.443 0.211 0.347 
 54    1715D    (0)   205 :  0.260 0.341 0.400 
 55    1715E    (0)   205 :  0.680 0.209 0.111 
 56    1726A    (0)   205 :  0.688 0.217 0.096 
 57    1726B   (23)   205 :  0.325 0.453 0.222 
 58    1783A   (46)   205 :  0.514 0.163 0.323 
 59    1783B    (0)   205 :  0.638 0.273 0.089 
 60    1783C    (0)   205 :  0.593 0.258 0.149 
 61    1783D    (0)   205 :  0.731 0.174 0.095 
 62    1783E    (0)   205 :  0.080 0.116 0.804 
 63    2008C    (0)   62 :  0.660 0.192 0.147 
 64    2008D    (0)   62 :  0.201 0.269 0.530 
 65    2008E    (7)   62 :  0.523 0.344 0.132 
 66    2008F   (38)   62 :  0.319 0.526 0.155 
 67    2008G    (7)   62 :  0.571 0.240 0.189 
 68    2008H    (0)   62 :  0.311 0.515 0.174 
 69    2033A   (23)   328 :  0.361 0.226 0.413 
 70    2159A    (0)   328 :  0.217 0.641 0.142 
 71    2159B    (0)   328 :  0.210 0.500 0.290 
 72    2159C    (0)   328 :  0.270 0.240 0.490 
 73    2159D    (0)   328 :  0.203 0.498 0.299 
 74    2159E    (0)   328 :  0.478 0.356 0.165 
 75    2341B    (7)   62 :  0.195 0.715 0.090 
 76    2341C    (0)   62 :  0.379 0.120 0.501 
 77    2351A    (0)   62 :  0.160 0.424 0.417 
 78    2366A   (46)   122 :  0.325 0.356 0.319 
 79    2366B   (46)   122 :  0.335 0.214 0.452 
 80    2366C    (0)   122 :  0.404 0.107 0.489 
 81    2366D    (0)   122 :  0.073 0.151 0.776 
 82    2409A   (15)   122 :  0.186 0.698 0.116 
 83    2423C    (0)   205 :  0.414 0.378 0.209 
 84    2423D    (7)   205 :  0.316 0.402 0.282 
 85    2423E   (30)   205 :  0.118 0.114 0.768 
 86    2856A   (23)   22 :  0.631 0.188 0.180 
 87    2856B    (7)   22 :  0.408 0.155 0.437 
 88    2856C    (7)   22 :  0.279 0.529 0.193 
 89    2856E   (23)   22 :  0.228 0.620 0.152 
 90    3026A    (0)   17 :  0.465 0.126 0.409 
 91    3026B   (15)   17 :  0.194 0.416 0.389 
 92    3253A    (0)   205 :  0.327 0.170 0.504 
 93    3280A    (0)   328 :  0.317 0.453 0.230 
 94    3280B    (0)   328 :  0.116 0.342 0.542 
 95    3760C   (23)   122 :  0.017 0.017 0.967 
 96    4249A    (0)   193 :  0.211 0.320 0.469 
 97    4316A    (7)   17 :  0.161 0.313 0.527 
 98    4316B    (0)   17 :  0.190 0.278 0.532 
 99    4316C   (15)   17 :  0.175 0.276 0.549 
100    4316D   (15)   17 :  0.486 0.311 0.203 
101    4316E   (15)   17 :  0.135 0.400 0.466 
102    5597A   (23)   22 :  0.255 0.176 0.570 
103    5597B    (0)   22 :  0.548 0.179 0.273 
104    5597C    (0)   22 :  0.502 0.201 0.297 
105    5597D   (23)   22 :  0.652 0.253 0.094 
106    5637A    (0)   205 :  0.178 0.714 0.108 
107    5637C    (7)   205 :  0.392 0.239 0.369 
108    5637D   (38)   205 :  0.247 0.531 0.223 
109    5637E   (46)   205 :  0.173 0.647 0.180 
110    5637G   (46)   205 :  0.165 0.692 0.144 
111    5912A    (0)   286 :  0.133 0.338 0.529 
112    5912B    (0)   286 :  0.734 0.185 0.080 
113    5912C   (30)   286 :  0.176 0.433 0.391 
114    5912D   (30)   286 :  0.190 0.199 0.611 
115    5912E   (15)   286 :  0.638 0.168 0.194 
116    5954B   (38)   286 :  0.084 0.109 0.807 
117    5954C   (46)   286 :  0.307 0.602 0.091 
118    5954D   (46)   286 :  0.678 0.173 0.149 
119    5954E   (53)   286 :  0.280 0.072 0.648 
120    6136A    (0)   29 :  0.225 0.607 0.168 
121    6136B    (7)   29 :  0.064 0.181 0.755 
122    6136C   (15)   29 :  0.131 0.122 0.747 
123    6337A    (7)   328 :  0.228 0.507 0.265 
124    6337B    (0)   328 :  0.430 0.436 0.135 
125    6337C    (0)   328 :  0.223 0.490 0.287 
126    6337D   (15)   328 :  0.298 0.427 0.275 
127    6337E    (7)   328 :  0.140 0.319 0.541 
128    6382C    (0)   122 :  0.539 0.188 0.273 
129    6382E    (0)   122 :  0.154 0.197 0.649 
130    6382F   (46)   122 :  0.142 0.152 0.706 
131    6382G   (15)   122 :  0.206 0.129 0.665 
132    6514C    (0)   62 :  0.531 0.283 0.186 
133    6514E    (0)   62 :  0.552 0.274 0.174 
134    6514F    (0)   62 :  0.295 0.452 0.253 
135    6514G   (30)   62 :  0.650 0.185 0.165 
136    6514H   (15)   62 :  0.236 0.503 0.261 
137    6546B   (23)   328 :  0.123 0.129 0.748 
138    6546C   (30)   328 :  0.563 0.255 0.183 
139    6706A   (23)   193 :  0.241 0.451 0.307 
140    6706B   (30)   193 :  0.364 0.168 0.468 
141    6723B   (46)   22 :  0.221 0.182 0.596 


Estimated Allele Frequencies in each cluster
First column gives estimated ancestral frequencies


Locus 1 : 
8 alleles
3.5% missing data
 148   (0.672) 0.786 0.713 0.679 
 146   (0.130) 0.134 0.171 0.122 
 147   (0.098) 0.052 0.095 0.102 
 142   (0.025) 0.012 0.006 0.024 
 137   (0.015) 0.003 0.004 0.013 
 161   (0.025) 0.004 0.004 0.028 
 172   (0.015) 0.003 0.005 0.012 
 151   (0.021) 0.007 0.003 0.020 

Locus 2 : 
16 alleles
5.7% missing data
 197   (0.282) 0.318 0.342 0.295 
 205   (0.107) 0.118 0.089 0.112 
 199   (0.073) 0.089 0.046 0.074 
 201   (0.156) 0.167 0.185 0.161 
 203   (0.059) 0.032 0.108 0.060 
 213   (0.042) 0.034 0.037 0.040 
 227   (0.038) 0.023 0.038 0.036 
 221   (0.031) 0.023 0.025 0.028 
 211   (0.051) 0.078 0.045 0.048 
 215   (0.023) 0.009 0.023 0.021 
 217   (0.028) 0.033 0.022 0.023 
 193   (0.038) 0.042 0.017 0.036 
 191   (0.030) 0.027 0.014 0.027 
 219   (0.014) 0.003 0.004 0.013 
 241   (0.013) 0.002 0.002 0.013 
 207   (0.014) 0.003 0.004 0.013 

Locus 3 : 
9 alleles
12.8% missing data
 201   (0.262) 0.345 0.262 0.261 
 207   (0.345) 0.356 0.307 0.359 
 204   (0.198) 0.186 0.279 0.197 
 210   (0.094) 0.075 0.111 0.093 
 219   (0.019) 0.011 0.009 0.016 
 198   (0.022) 0.005 0.007 0.021 
 213   (0.018) 0.012 0.008 0.015 
 216   (0.022) 0.004 0.005 0.023 
 189   (0.019) 0.007 0.013 0.016 

Locus 4 : 
12 alleles
12.8% missing data
 138   (0.133) 0.128 0.124 0.136 
 140   (0.210) 0.151 0.259 0.218 
 132   (0.189) 0.158 0.153 0.200 
 154   (0.014) 0.005 0.004 0.012 
 142   (0.113) 0.166 0.172 0.107 
 134   (0.055) 0.060 0.042 0.052 
 128   (0.036) 0.032 0.041 0.033 
 136   (0.094) 0.162 0.081 0.093 
 144   (0.063) 0.029 0.055 0.065 
 146   (0.026) 0.008 0.014 0.024 
 152   (0.029) 0.019 0.026 0.026 
 130   (0.038) 0.084 0.029 0.034 

Locus 5 : 
9 alleles
16.3% missing data
 257   (0.404) 0.453 0.497 0.408 
 271   (0.061) 0.036 0.024 0.063 
 259   (0.292) 0.408 0.338 0.285 
 261   (0.087) 0.046 0.075 0.089 
 263   (0.022) 0.007 0.010 0.019 
 269   (0.030) 0.010 0.022 0.028 
 273   (0.073) 0.035 0.024 0.080 
 265   (0.016) 0.003 0.003 0.015 
 267   (0.016) 0.004 0.007 0.013 

Locus 6 : 
15 alleles
4.3% missing data
 147   (0.176) 0.193 0.269 0.176 
 141   (0.110) 0.150 0.132 0.108 
 149   (0.099) 0.126 0.095 0.097 
 159   (0.070) 0.036 0.083 0.071 
 137   (0.087) 0.060 0.120 0.088 
 139   (0.040) 0.010 0.017 0.043 
 161   (0.047) 0.099 0.034 0.043 
 151   (0.063) 0.111 0.043 0.062 
 153   (0.078) 0.073 0.045 0.082 
 165   (0.055) 0.044 0.032 0.054 
 145   (0.062) 0.056 0.065 0.060 
 135   (0.014) 0.003 0.005 0.012 
 157   (0.036) 0.015 0.036 0.034 
 143   (0.044) 0.021 0.019 0.049 
 155   (0.021) 0.003 0.006 0.020 

Locus 7 : 
4 alleles
2.1% missing data
 138   (0.755) 0.785 0.862 0.755 
 144   (0.066) 0.079 0.040 0.064 
 132   (0.163) 0.133 0.095 0.168 
 135   (0.015) 0.003 0.003 0.013 

Locus 8 : 
12 alleles
20.6% missing data
 276   (0.072) 0.062 0.045 0.073 
 286   (0.144) 0.096 0.131 0.152 
 278   (0.188) 0.337 0.201 0.185 
 270   (0.032) 0.009 0.020 0.032 
 280   (0.203) 0.219 0.310 0.200 
 266   (0.037) 0.028 0.057 0.032 
 282   (0.153) 0.132 0.143 0.159 
 274   (0.030) 0.028 0.013 0.027 
 290   (0.028) 0.041 0.021 0.025 
 284   (0.041) 0.018 0.014 0.042 
 288   (0.050) 0.023 0.040 0.051 
 272   (0.022) 0.007 0.005 0.022 

Locus 9 : 
15 alleles
3.5% missing data
 146   (0.410) 0.528 0.504 0.424 
 178   (0.033) 0.009 0.009 0.037 
 170   (0.051) 0.024 0.037 0.053 
 166   (0.062) 0.064 0.044 0.061 
 172   (0.050) 0.069 0.031 0.047 
 168   (0.068) 0.081 0.102 0.063 
 162   (0.019) 0.006 0.008 0.017 
 148   (0.071) 0.083 0.105 0.068 
 160   (0.072) 0.052 0.085 0.072 
 174   (0.033) 0.013 0.013 0.034 
 158   (0.032) 0.024 0.022 0.030 
 154   (0.044) 0.029 0.022 0.044 
 164   (0.013) 0.005 0.003 0.011 
 180   (0.014) 0.002 0.002 0.013 
 142   (0.028) 0.012 0.012 0.027 

Locus 10 : 
7 alleles
5.0% missing data
 158   (0.751) 0.898 0.860 0.749 
 160   (0.136) 0.069 0.110 0.141 
 154   (0.026) 0.013 0.008 0.023 
 156   (0.025) 0.009 0.008 0.025 
 152   (0.032) 0.005 0.006 0.036 
 144   (0.016) 0.004 0.005 0.013 
 162   (0.015) 0.003 0.003 0.014 

Locus 11 : 
14 alleles
29.1% missing data
 214   (0.172) 0.128 0.097 0.189 
 220   (0.148) 0.146 0.164 0.149 
 210   (0.090) 0.108 0.077 0.087 
 218   (0.236) 0.365 0.416 0.229 
 192   (0.017) 0.004 0.005 0.016 
 194   (0.015) 0.003 0.005 0.014 
 212   (0.037) 0.024 0.025 0.035 
 222   (0.092) 0.114 0.108 0.087 
 224   (0.023) 0.007 0.013 0.021 
 216   (0.086) 0.077 0.063 0.087 
 200   (0.018) 0.003 0.003 0.017 
 204   (0.017) 0.003 0.003 0.017 
 188   (0.034) 0.009 0.016 0.037 
 208   (0.017) 0.008 0.005 0.015 

Locus 12 : 
17 alleles
18.4% missing data
 144   (0.041) 0.020 0.022 0.042 
 162   (0.047) 0.020 0.017 0.052 
 170   (0.036) 0.040 0.027 0.033 
 148   (0.076) 0.114 0.143 0.070 
 142   (0.069) 0.089 0.123 0.063 
 154   (0.043) 0.045 0.030 0.039 
 146   (0.362) 0.423 0.422 0.383 
 164   (0.043) 0.052 0.028 0.041 
 168   (0.031) 0.012 0.013 0.032 
 156   (0.063) 0.074 0.077 0.060 
 172   (0.034) 0.028 0.026 0.033 
 166   (0.051) 0.043 0.040 0.051 
 158   (0.032) 0.008 0.012 0.035 
 150   (0.015) 0.005 0.004 0.013 
 174   (0.014) 0.002 0.002 0.014 
 182   (0.014) 0.003 0.004 0.013 
 160   (0.028) 0.021 0.009 0.027 

Locus 13 : 
15 alleles
31.2% missing data
 285   (0.271) 0.336 0.346 0.271 
 291   (0.117) 0.214 0.094 0.116 
 289   (0.186) 0.175 0.216 0.193 
 277   (0.038) 0.046 0.019 0.036 
 273   (0.053) 0.051 0.103 0.048 
 293   (0.054) 0.019 0.048 0.059 
 287   (0.050) 0.036 0.082 0.047 
 295   (0.048) 0.058 0.025 0.046 
 301   (0.017) 0.008 0.005 0.015 
 303   (0.029) 0.015 0.015 0.028 
 279   (0.028) 0.012 0.012 0.029 
 181   (0.016) 0.005 0.009 0.014 
 283   (0.036) 0.007 0.008 0.042 
 281   (0.017) 0.008 0.005 0.015 
 297   (0.038) 0.010 0.014 0.042 

Values of parameters used in structure:
DATAFILE=bws18_structure.txt,	OUTFILE=bws18_structurek3_2_results,	NUMINDS=141,	NUMLOCI=13,	MISSING=-9,	LABEL=1,	POPDATA=1,	POPFLAG=0,	PHENOTYPE=0,	EXTRACOLS=0,	MAXPOPS=3,	BURNIN=10000,	NUMREPS=20000,	USEPOPINFO=0,	INFERALPHA=1,	INFERLAMBDA=0,	POPSPECIFICLAMBDA=0,	POPALPHAS=0,	COMPUTEPROB=1,	NOADMIX=0,	ADMBURNIN=500,	UPDATEFREQ=100,	PRINTLIKES=0,	INTERMEDSAVE=0,	PRINTKLD=0,	PRINTNET=1,	PRINTLAMBDA=1,	ANCESTDIST=0,	NUMBOXES=1000,	ANCESTPINT=0.90000,	GENSBACK=2,	MIGRPRIOR=0.01000,	PRINTQHAT=0,	PRINTQSUM=1,	ALPHA=1.0000,	FREQSCORR=1,	FPRIORMEAN=0.0100,	FPRIORSD=0.0500,	ONEFST=0,	LAMBDA=1.0000,	UNIFPRIORALPHA=1,	ALPHAMAX=10.0000,	ALPHAPRIORA=1.0000,	ALPHAPRIORB=2.0000,	ALPHAPROPSD=0.0250,	STARTATPOPINFO=0,	RANDOMIZE=1,	LINKAGE=0,	METROFREQ=10,	REPORTHITRATE=0,	MARKOVPHASE=0,	PHASED=0,	PLOIDY=2,	PHASEINFO=0	LOCPRIOR=0, 	LOCPRIORINIT=1.000000, 	LOCDATA=0, 	LOCISPOP=1, 	LOCPRIORSTEP=0.100000, 	MAXLOCPRIOR=20.000000, 	SEED=1680179468,	
[STRAT parameters]:    NUMSIMSTATS=1000,	PHENOTYPECOL=-9,	POOLFREQ=10,	LOCUSxONLY=0,	EMERROR=0.00100,	MISSINGPHENO=-9,	