

----------------------------------------------------
STRUCTURE by Pritchard, Stephens and Donnelly (2000)
     and Falush, Stephens and Pritchard (2003)
       Code by Pritchard, Falush and Hubisz
             Version 2.3.4 (Jul 2012)
----------------------------------------------------



Command line arguments:   ./structure -m mainparams_bws18_k6_3 
Input File:    bws18_structure.txt

Run parameters:
   136 individuals
   13 loci
   6 populations assumed
   10000 Burn-in period
   20000 Reps


--------------------------------------------
Proportion of membership of each pre-defined
 population in each of the 6 clusters

Given    Inferred Clusters                            Number of
 Pop       1      2      3      4      5      6      Individuals

 17:     0.234  0.182  0.017  0.176  0.183  0.208       18
 22:     0.176  0.195  0.157  0.233  0.112  0.127       11
 29:     0.180  0.143  0.038  0.212  0.163  0.263       13
 62:     0.198  0.127  0.071  0.273  0.121  0.210       20
122:     0.203  0.090  0.182  0.214  0.209  0.103       14
193:     0.142  0.190  0.180  0.185  0.157  0.145       14
205:     0.142  0.156  0.077  0.323  0.145  0.156       19
286:     0.067  0.175  0.380  0.119  0.067  0.192       13
328:     0.160  0.103  0.055  0.187  0.182  0.312       14
--------------------------------------------

Allele-freq. divergence among pops (Net nucleotide distance),
computed using point estimates of P.

      1       2       3       4       5       6      
 1      -    0.0639  0.1493  0.0143  0.0091  0.0202  
 2   0.0639     -    0.0867  0.1125  0.0916  0.1149  
 3   0.1493  0.0867     -    0.1771  0.1501  0.1843  
 4   0.0143  0.1125  0.1771     -    0.0074  0.0156  
 5   0.0091  0.0916  0.1501  0.0074     -    0.0144  
 6   0.0202  0.1149  0.1843  0.0156  0.0144     -    

Average distances (expected heterozygosity) between individuals in same cluster:
cluster  1  : 0.7089 
cluster  2  : 0.5839 
cluster  3  : 0.5644 
cluster  4  : 0.6905 
cluster  5  : 0.7631 
cluster  6  : 0.6756 

--------------------------------------------
Estimated Ln Prob of Data   = -6132.8
Mean value of ln likelihood = -5459.5
Variance of ln likelihood   = 1346.5
Mean value of alpha         = 0.0804

Mean value of Fst_1         = 0.0989
Mean value of Fst_2         = 0.2553
Mean value of Fst_3         = 0.3272
Mean value of Fst_4         = 0.0728
Mean value of Fst_5         = 0.0158
Mean value of Fst_6         = 0.0869


Inferred ancestry of individuals:
        Label (%Miss) Pop:  Inferred clusters
  1    0079C    (0)   17 :  0.339 0.010 0.007 0.384 0.217 0.043 
  2    0079D    (0)   17 :  0.195 0.013 0.006 0.474 0.080 0.232 
  3    0079E    (0)   17 :  0.282 0.494 0.013 0.025 0.124 0.061 
  4    0079G    (0)   17 :  0.118 0.012 0.007 0.285 0.230 0.348 
  5    0082A    (0)   17 :  0.174 0.026 0.005 0.122 0.229 0.443 
  6    0082B    (0)   17 :  0.025 0.011 0.011 0.024 0.032 0.897 
  7    0082C    (0)   17 :  0.049 0.542 0.076 0.119 0.122 0.092 
  8    0082D    (0)   17 :  0.381 0.553 0.007 0.018 0.024 0.017 
  9    0121B    (0)   22 :  0.113 0.478 0.229 0.039 0.067 0.074 
 10    0121C    (0)   22 :  0.053 0.006 0.007 0.725 0.111 0.098 
 11    0147A    (0)   29 :  0.307 0.525 0.144 0.008 0.009 0.007 
 12    0147B    (0)   29 :  0.132 0.086 0.034 0.566 0.106 0.077 
 13    0147D    (0)   29 :  0.287 0.617 0.041 0.018 0.019 0.018 
 14    0167A    (0)   17 :  0.164 0.010 0.006 0.488 0.104 0.227 
 15    0167B    (0)   17 :  0.394 0.048 0.006 0.080 0.275 0.196 
 16    0167C    (0)   17 :  0.049 0.015 0.006 0.155 0.126 0.650 
 17    0309A    (0)   62 :  0.115 0.016 0.006 0.300 0.046 0.517 
 18    0309C    (0)   62 :  0.269 0.011 0.006 0.524 0.112 0.077 
 19    0309D    (0)   62 :  0.162 0.388 0.322 0.035 0.028 0.065 
 20    0309E    (0)   62 :  0.382 0.479 0.011 0.073 0.021 0.033 
 21    0625A    (0)   122 :  0.255 0.141 0.015 0.176 0.220 0.193 
 22    0625B    (0)   122 :  0.333 0.029 0.005 0.220 0.170 0.243 
 23    0625C    (0)   122 :  0.382 0.009 0.006 0.387 0.136 0.080 
 24    0625D    (0)   122 :  0.311 0.009 0.006 0.564 0.028 0.081 
 25    1029C    (0)   193 :  0.277 0.455 0.042 0.122 0.047 0.057 
 26    1029D    (0)   193 :  0.282 0.622 0.045 0.021 0.016 0.014 
 27    1029G    (0)   193 :  0.014 0.537 0.378 0.011 0.027 0.032 
 28    1187B    (0)   29 :  0.096 0.011 0.008 0.176 0.122 0.586 
 29    1187C    (0)   29 :  0.125 0.040 0.006 0.528 0.123 0.179 
 30    1187D    (0)   29 :  0.398 0.362 0.010 0.101 0.066 0.063 
 31    1187E    (0)   29 :  0.039 0.008 0.007 0.053 0.053 0.840 
 32    1314A    (0)   193 :  0.136 0.281 0.082 0.139 0.124 0.238 
 33    1314B    (0)   193 :  0.136 0.038 0.028 0.120 0.595 0.083 
 34    1314C    (0)   193 :  0.182 0.018 0.006 0.442 0.109 0.243 
 35    1314D    (0)   193 :  0.058 0.009 0.006 0.556 0.058 0.314 
 36    1314E    (0)   193 :  0.158 0.096 0.075 0.152 0.117 0.403 
 37    1319A    (0)   62 :  0.079 0.014 0.006 0.145 0.095 0.661 
 38    1319B    (0)   62 :  0.225 0.124 0.008 0.246 0.123 0.275 
 39    1600A    (0)   29 :  0.195 0.015 0.008 0.165 0.160 0.457 
 40    1600B    (0)   29 :  0.135 0.010 0.007 0.427 0.192 0.230 
 41    1600C    (0)   29 :  0.134 0.055 0.021 0.413 0.173 0.203 
 42    1630A    (0)   193 :  0.094 0.097 0.055 0.357 0.285 0.113 
 43    1630B    (0)   193 :  0.128 0.123 0.228 0.183 0.115 0.223 
 44    1630C    (0)   193 :  0.129 0.196 0.619 0.023 0.016 0.017 
 45    1711A    (0)   286 :  0.025 0.069 0.038 0.030 0.038 0.801 
 46    1711B    (0)   286 :  0.019 0.009 0.006 0.032 0.036 0.898 
 47    1711C    (0)   286 :  0.016 0.659 0.293 0.010 0.012 0.010 
 48    1711D    (0)   286 :  0.078 0.031 0.337 0.152 0.325 0.078 
 49    1711E    (0)   286 :  0.322 0.510 0.120 0.015 0.019 0.014 
 50    1715B    (0)   205 :  0.048 0.015 0.006 0.651 0.163 0.118 
 51    1715C    (0)   205 :  0.105 0.021 0.006 0.276 0.494 0.099 
 52    1715D    (0)   205 :  0.156 0.008 0.007 0.338 0.180 0.310 
 53    1715E    (0)   205 :  0.216 0.014 0.008 0.546 0.173 0.043 
 54    1726A    (0)   205 :  0.048 0.015 0.010 0.584 0.150 0.193 
 55    1726B    (0)   205 :  0.208 0.521 0.060 0.056 0.055 0.101 
 56    1783A    (0)   205 :  0.007 0.315 0.652 0.010 0.008 0.008 
 57    1783B    (0)   205 :  0.055 0.025 0.009 0.281 0.077 0.554 
 58    1783C    (0)   205 :  0.095 0.021 0.008 0.571 0.152 0.153 
 59    1783D    (0)   205 :  0.031 0.009 0.007 0.747 0.106 0.099 
 60    1783E    (0)   205 :  0.342 0.008 0.006 0.268 0.320 0.056 
 61    2008C    (0)   62 :  0.048 0.012 0.005 0.634 0.118 0.183 
 62    2008D    (0)   62 :  0.197 0.013 0.006 0.440 0.214 0.130 
 63    2008E    (0)   62 :  0.129 0.035 0.040 0.403 0.107 0.286 
 64    2008F    (0)   62 :  0.043 0.597 0.289 0.021 0.019 0.030 
 65    2008G    (0)   62 :  0.374 0.152 0.031 0.211 0.112 0.120 
 66    2008H    (0)   62 :  0.372 0.017 0.006 0.261 0.115 0.230 
 67    2033A    (0)   328 :  0.099 0.011 0.161 0.114 0.561 0.054 
 68    2159A    (0)   328 :  0.237 0.033 0.007 0.344 0.095 0.284 
 69    2159B    (0)   328 :  0.347 0.009 0.005 0.345 0.150 0.145 
 70    2159C    (0)   328 :  0.340 0.011 0.009 0.349 0.124 0.167 
 71    2159E    (0)   328 :  0.062 0.008 0.005 0.445 0.050 0.429 
 72    2341B    (0)   62 :  0.373 0.154 0.013 0.061 0.057 0.341 
 73    2341C    (0)   62 :  0.068 0.011 0.008 0.457 0.415 0.042 
 74    2351A    (0)   62 :  0.240 0.026 0.005 0.206 0.258 0.266 
 75    2366A    (0)   122 :  0.022 0.116 0.770 0.025 0.025 0.042 
 76    2366B    (0)   122 :  0.008 0.219 0.744 0.009 0.009 0.010 
 77    2366C    (0)   122 :  0.215 0.010 0.008 0.372 0.378 0.018 
 78    2366D    (0)   122 :  0.308 0.009 0.006 0.150 0.417 0.109 
 79    2409A    (0)   122 :  0.196 0.351 0.031 0.046 0.044 0.331 
 80    2423C    (0)   205 :  0.230 0.013 0.015 0.442 0.100 0.200 
 81    2423D    (0)   205 :  0.289 0.127 0.011 0.213 0.104 0.256 
 82    2423E    (0)   205 :  0.165 0.533 0.072 0.059 0.139 0.032 
 83    2856A    (0)   22 :  0.037 0.197 0.207 0.212 0.147 0.200 
 84    2856B    (0)   22 :  0.217 0.031 0.020 0.335 0.335 0.062 
 85    2856C    (0)   22 :  0.061 0.064 0.022 0.059 0.096 0.697 
 86    2856E    (0)   22 :  0.424 0.410 0.016 0.030 0.033 0.088 
 87    3026A    (0)   17 :  0.030 0.019 0.006 0.303 0.601 0.041 
 88    3026B    (0)   17 :  0.376 0.309 0.006 0.048 0.160 0.102 
 89    3253A    (0)   205 :  0.249 0.010 0.010 0.540 0.089 0.102 
 90    3280A    (0)   328 :  0.122 0.018 0.007 0.186 0.197 0.469 
 91    3280B    (0)   328 :  0.318 0.011 0.007 0.217 0.274 0.173 
 92    3760C    (0)   122 :  0.007 0.012 0.174 0.006 0.795 0.005 
 93    4249A    (0)   193 :  0.196 0.012 0.006 0.257 0.446 0.083 
 94    4316A    (0)   17 :  0.444 0.225 0.005 0.155 0.115 0.057 
 95    4316B    (0)   17 :  0.233 0.010 0.006 0.357 0.257 0.137 
 96    4316C    (0)   17 :  0.154 0.157 0.119 0.050 0.467 0.053 
 97    4316D    (0)   17 :  0.395 0.442 0.007 0.037 0.020 0.099 
 98    4316E    (0)   17 :  0.418 0.377 0.006 0.041 0.109 0.049 
 99    5597A    (0)   22 :  0.423 0.441 0.044 0.031 0.045 0.017 
100    5597B    (0)   22 :  0.251 0.015 0.006 0.490 0.178 0.059 
101    5597C    (0)   22 :  0.292 0.014 0.006 0.469 0.159 0.059 
102    5597D    (0)   22 :  0.059 0.427 0.261 0.169 0.051 0.032 
103    5637A    (0)   205 :  0.221 0.024 0.008 0.126 0.189 0.433 
104    5637C    (0)   205 :  0.102 0.045 0.112 0.384 0.210 0.148 
105    5637D    (0)   205 :  0.042 0.645 0.204 0.029 0.040 0.041 
106    5637E    (0)   205 :  0.085 0.604 0.251 0.015 0.018 0.028 
107    5912A    (0)   286 :  0.181 0.013 0.009 0.323 0.188 0.286 
108    5912B    (0)   286 :  0.067 0.010 0.006 0.689 0.063 0.165 
109    5912C    (0)   286 :  0.066 0.007 0.438 0.199 0.097 0.192 
110    5912D    (0)   286 :  0.042 0.390 0.460 0.050 0.036 0.022 
111    5954B    (0)   286 :  0.009 0.008 0.945 0.008 0.020 0.009 
112    5954C    (0)   286 :  0.011 0.492 0.469 0.010 0.008 0.011 
113    5954D    (0)   286 :  0.021 0.069 0.866 0.020 0.014 0.009 
114    5954E    (0)   286 :  0.009 0.012 0.954 0.008 0.011 0.006 
115    6136A    (0)   29 :  0.069 0.026 0.007 0.091 0.125 0.683 
116    6136B    (0)   29 :  0.245 0.084 0.007 0.020 0.580 0.065 
117    6136C    (0)   29 :  0.182 0.023 0.195 0.198 0.388 0.014 
118    6337A    (0)   328 :  0.064 0.070 0.028 0.085 0.110 0.644 
119    6337B    (0)   328 :  0.022 0.009 0.005 0.110 0.030 0.823 
120    6337C    (0)   328 :  0.031 0.014 0.007 0.051 0.098 0.799 
121    6337D    (0)   328 :  0.092 0.499 0.041 0.139 0.174 0.055 
122    6337E    (0)   328 :  0.291 0.166 0.020 0.102 0.352 0.068 
123    6382C    (0)   122 :  0.073 0.010 0.007 0.495 0.167 0.248 
124    6382E    (0)   122 :  0.382 0.010 0.008 0.424 0.147 0.029 
125    6382F    (0)   122 :  0.109 0.025 0.743 0.041 0.073 0.010 
126    6382G    (0)   122 :  0.241 0.317 0.018 0.074 0.313 0.037 
127    6514C    (0)   62 :  0.035 0.014 0.031 0.268 0.131 0.522 
128    6514E    (0)   62 :  0.076 0.020 0.014 0.453 0.192 0.245 
129    6514F    (0)   62 :  0.447 0.012 0.006 0.394 0.068 0.073 
130    6514G    (0)   62 :  0.020 0.039 0.546 0.284 0.074 0.037 
131    6514H    (0)   62 :  0.307 0.400 0.055 0.052 0.121 0.064 
132    6546B    (0)   328 :  0.135 0.034 0.304 0.070 0.281 0.176 
133    6546C    (0)   328 :  0.083 0.547 0.168 0.065 0.054 0.084 
134    6706A    (0)   193 :  0.135 0.089 0.407 0.127 0.136 0.106 
135    6706B    (0)   193 :  0.068 0.091 0.546 0.086 0.110 0.098 
136    6723B    (0)   22 :  0.008 0.060 0.907 0.007 0.011 0.006 


Estimated Allele Frequencies in each cluster
First column gives estimated ancestral frequencies


Locus 1 : 
9 alleles
0.0% missing data
 148   (0.632) 0.769 0.744 0.549 0.752 0.646 0.660 
 146   (0.137) 0.087 0.147 0.043 0.115 0.130 0.245 
 147   (0.097) 0.093 0.070 0.044 0.090 0.099 0.064 
   0   (0.024) 0.010 0.013 0.290 0.005 0.017 0.005 
 142   (0.031) 0.011 0.006 0.002 0.016 0.032 0.008 
 137   (0.015) 0.006 0.001 0.001 0.008 0.013 0.004 
 161   (0.032) 0.010 0.010 0.006 0.007 0.038 0.006 
 172   (0.016) 0.011 0.007 0.001 0.003 0.013 0.004 
 151   (0.017) 0.003 0.002 0.063 0.003 0.013 0.003 

Locus 2 : 
17 alleles
0.0% missing data
 197   (0.241) 0.392 0.347 0.062 0.321 0.251 0.340 
 205   (0.107) 0.072 0.073 0.092 0.145 0.113 0.102 
 199   (0.074) 0.058 0.050 0.160 0.065 0.066 0.065 
 201   (0.159) 0.174 0.262 0.103 0.157 0.176 0.108 
 203   (0.063) 0.080 0.069 0.008 0.026 0.071 0.090 
 213   (0.044) 0.023 0.004 0.004 0.042 0.042 0.071 
 227   (0.034) 0.044 0.058 0.006 0.016 0.030 0.015 
 221   (0.035) 0.017 0.007 0.003 0.040 0.030 0.018 
 211   (0.057) 0.080 0.047 0.005 0.067 0.054 0.035 
 215   (0.021) 0.005 0.002 0.001 0.007 0.017 0.059 
   0   (0.017) 0.005 0.014 0.477 0.003 0.013 0.003 
 217   (0.033) 0.015 0.008 0.003 0.029 0.025 0.057 
 191   (0.029) 0.009 0.015 0.009 0.034 0.030 0.012 
 193   (0.038) 0.010 0.038 0.062 0.034 0.035 0.012 
 219   (0.018) 0.008 0.002 0.001 0.006 0.014 0.005 
 241   (0.014) 0.003 0.001 0.002 0.003 0.017 0.003 
 207   (0.016) 0.005 0.002 0.002 0.004 0.016 0.004 

Locus 3 : 
10 alleles
0.0% missing data
 201   (0.252) 0.282 0.177 0.029 0.383 0.250 0.235 
 207   (0.317) 0.334 0.293 0.071 0.388 0.333 0.245 
 204   (0.203) 0.218 0.170 0.027 0.118 0.228 0.351 
   0   (0.030) 0.006 0.230 0.770 0.006 0.025 0.006 
 210   (0.099) 0.110 0.077 0.015 0.077 0.089 0.111 
 219   (0.018) 0.011 0.021 0.016 0.004 0.013 0.006 
 198   (0.023) 0.012 0.002 0.002 0.010 0.019 0.013 
 213   (0.019) 0.019 0.024 0.006 0.004 0.014 0.004 
 216   (0.017) 0.003 0.002 0.063 0.003 0.012 0.003 
 189   (0.022) 0.006 0.003 0.002 0.006 0.017 0.027 

Locus 4 : 
13 alleles
0.0% missing data
 138   (0.121) 0.143 0.105 0.016 0.115 0.147 0.096 
 140   (0.183) 0.236 0.117 0.026 0.177 0.183 0.278 
 132   (0.151) 0.120 0.090 0.266 0.189 0.150 0.133 
 154   (0.015) 0.004 0.001 0.001 0.006 0.013 0.008 
 142   (0.118) 0.133 0.149 0.049 0.093 0.121 0.199 
 134   (0.042) 0.017 0.012 0.229 0.020 0.033 0.052 
 128   (0.037) 0.010 0.111 0.018 0.016 0.033 0.020 
   0   (0.071) 0.084 0.339 0.351 0.033 0.065 0.048 
 136   (0.106) 0.097 0.048 0.022 0.182 0.106 0.079 
 144   (0.057) 0.082 0.014 0.007 0.044 0.061 0.036 
 146   (0.027) 0.015 0.003 0.002 0.015 0.022 0.022 
 152   (0.029) 0.022 0.003 0.006 0.027 0.024 0.013 
 130   (0.042) 0.037 0.008 0.007 0.081 0.041 0.017 

Locus 5 : 
10 alleles
0.0% missing data
 257   (0.358) 0.367 0.098 0.291 0.466 0.356 0.515 
 271   (0.054) 0.035 0.005 0.014 0.050 0.050 0.044 
 259   (0.324) 0.332 0.250 0.126 0.368 0.333 0.302 
   0   (0.055) 0.048 0.488 0.534 0.013 0.046 0.031 
 261   (0.052) 0.139 0.117 0.007 0.023 0.050 0.028 
 263   (0.019) 0.020 0.024 0.002 0.004 0.014 0.004 
 269   (0.027) 0.011 0.002 0.013 0.022 0.025 0.029 
 273   (0.076) 0.037 0.013 0.010 0.045 0.097 0.026 
 265   (0.017) 0.008 0.001 0.001 0.005 0.015 0.005 
 267   (0.017) 0.004 0.001 0.001 0.004 0.013 0.015 

Locus 6 : 
16 alleles
0.0% missing data
 147   (0.159) 0.201 0.346 0.147 0.178 0.164 0.173 
 141   (0.105) 0.159 0.144 0.048 0.119 0.101 0.167 
 149   (0.094) 0.072 0.129 0.081 0.117 0.084 0.131 
 159   (0.058) 0.093 0.086 0.005 0.044 0.062 0.067 
 137   (0.083) 0.088 0.051 0.014 0.063 0.098 0.166 
 139   (0.038) 0.037 0.004 0.005 0.022 0.034 0.030 
 161   (0.057) 0.071 0.067 0.055 0.077 0.051 0.021 
 151   (0.063) 0.034 0.018 0.080 0.145 0.062 0.040 
 153   (0.085) 0.065 0.038 0.084 0.076 0.087 0.056 
 165   (0.053) 0.046 0.036 0.018 0.034 0.054 0.036 
 145   (0.064) 0.063 0.043 0.020 0.062 0.068 0.036 
 135   (0.016) 0.003 0.014 0.009 0.003 0.012 0.004 
 157   (0.045) 0.030 0.016 0.003 0.023 0.043 0.045 
   0   (0.026) 0.007 0.002 0.289 0.007 0.025 0.006 
 143   (0.033) 0.023 0.005 0.141 0.025 0.029 0.014 
 155   (0.022) 0.008 0.002 0.002 0.006 0.026 0.007 

Locus 7 : 
5 alleles
0.0% missing data
 138   (0.706) 0.773 0.823 0.726 0.767 0.700 0.860 
 144   (0.084) 0.070 0.056 0.056 0.061 0.083 0.037 
 132   (0.152) 0.139 0.115 0.179 0.155 0.138 0.089 
   0   (0.042) 0.015 0.004 0.011 0.014 0.066 0.011 
 135   (0.017) 0.003 0.003 0.028 0.003 0.012 0.003 

Locus 8 : 
13 alleles
0.0% missing data
 276   (0.057) 0.051 0.009 0.006 0.074 0.059 0.020 
 286   (0.121) 0.117 0.026 0.011 0.115 0.132 0.170 
 278   (0.201) 0.163 0.137 0.041 0.306 0.209 0.197 
 270   (0.029) 0.033 0.022 0.002 0.009 0.028 0.012 
 280   (0.201) 0.210 0.150 0.028 0.208 0.205 0.320 
 266   (0.035) 0.016 0.008 0.002 0.014 0.028 0.108 
   0   (0.074) 0.049 0.455 0.864 0.033 0.079 0.030 
 282   (0.133) 0.200 0.075 0.024 0.151 0.134 0.088 
 274   (0.025) 0.012 0.004 0.002 0.027 0.022 0.007 
 290   (0.025) 0.050 0.071 0.002 0.008 0.019 0.011 
 284   (0.035) 0.035 0.005 0.014 0.025 0.031 0.011 
 288   (0.038) 0.055 0.037 0.003 0.017 0.034 0.020 
 272   (0.024) 0.011 0.002 0.002 0.014 0.021 0.005 

Locus 9 : 
16 alleles
0.0% missing data
 146   (0.370) 0.453 0.502 0.409 0.484 0.399 0.510 
 178   (0.033) 0.023 0.003 0.003 0.019 0.040 0.014 
 170   (0.048) 0.075 0.022 0.035 0.031 0.051 0.017 
 166   (0.066) 0.038 0.022 0.010 0.089 0.068 0.070 
 172   (0.046) 0.056 0.057 0.004 0.069 0.039 0.028 
 168   (0.077) 0.116 0.113 0.011 0.064 0.068 0.090 
 162   (0.021) 0.008 0.002 0.003 0.007 0.022 0.011 
 148   (0.073) 0.034 0.133 0.193 0.058 0.071 0.064 
 160   (0.069) 0.083 0.023 0.011 0.088 0.064 0.090 
 174   (0.033) 0.030 0.006 0.002 0.025 0.033 0.011 
 158   (0.036) 0.037 0.039 0.003 0.021 0.032 0.012 
   0   (0.024) 0.013 0.024 0.252 0.006 0.020 0.007 
 154   (0.043) 0.015 0.049 0.051 0.022 0.036 0.043 
 164   (0.015) 0.004 0.001 0.001 0.007 0.013 0.004 
 180   (0.016) 0.003 0.001 0.002 0.003 0.018 0.003 
 142   (0.028) 0.012 0.003 0.008 0.008 0.024 0.026 

Locus 10 : 
8 alleles
0.0% missing data
 158   (0.745) 0.797 0.838 0.558 0.848 0.746 0.892 
 160   (0.115) 0.143 0.084 0.012 0.114 0.115 0.077 
 154   (0.027) 0.022 0.022 0.002 0.010 0.023 0.006 
 156   (0.019) 0.004 0.035 0.047 0.004 0.014 0.004 
 152   (0.033) 0.014 0.004 0.003 0.006 0.049 0.008 
   0   (0.028) 0.009 0.004 0.375 0.007 0.025 0.006 
 144   (0.016) 0.005 0.008 0.001 0.005 0.013 0.004 
 162   (0.016) 0.007 0.005 0.001 0.004 0.014 0.003 

Locus 11 : 
15 alleles
0.0% missing data
 214   (0.143) 0.130 0.032 0.065 0.136 0.154 0.073 
 220   (0.141) 0.136 0.023 0.009 0.153 0.138 0.156 
 210   (0.073) 0.075 0.009 0.008 0.130 0.063 0.070 
 218   (0.219) 0.260 0.070 0.014 0.295 0.228 0.477 
 192   (0.015) 0.009 0.008 0.001 0.003 0.012 0.004 
 194   (0.016) 0.009 0.008 0.001 0.003 0.013 0.004 
 212   (0.033) 0.021 0.021 0.003 0.026 0.030 0.017 
   0   (0.073) 0.179 0.764 0.859 0.022 0.064 0.036 
 222   (0.097) 0.082 0.032 0.009 0.099 0.103 0.081 
 224   (0.027) 0.009 0.010 0.003 0.008 0.022 0.018 
 216   (0.075) 0.047 0.010 0.023 0.099 0.078 0.042 
 200   (0.019) 0.004 0.002 0.002 0.003 0.020 0.004 
 204   (0.019) 0.004 0.001 0.002 0.004 0.020 0.004 
 188   (0.032) 0.029 0.010 0.002 0.008 0.039 0.009 
 208   (0.019) 0.005 0.002 0.001 0.010 0.015 0.007 

Locus 12 : 
18 alleles
0.0% missing data
 144   (0.037) 0.023 0.005 0.075 0.022 0.035 0.013 
 162   (0.041) 0.037 0.004 0.018 0.034 0.040 0.022 
 170   (0.036) 0.016 0.003 0.003 0.049 0.033 0.043 
   0   (0.051) 0.293 0.650 0.074 0.014 0.051 0.017 
 148   (0.087) 0.046 0.102 0.056 0.094 0.091 0.091 
 142   (0.073) 0.029 0.020 0.056 0.079 0.064 0.198 
 154   (0.043) 0.024 0.007 0.007 0.035 0.045 0.036 
 146   (0.303) 0.334 0.137 0.499 0.410 0.327 0.332 
 164   (0.047) 0.026 0.004 0.004 0.066 0.046 0.033 
 168   (0.031) 0.016 0.004 0.003 0.024 0.031 0.017 
 156   (0.055) 0.062 0.039 0.012 0.069 0.046 0.079 
 172   (0.042) 0.031 0.005 0.017 0.030 0.046 0.017 
 166   (0.052) 0.032 0.012 0.013 0.040 0.048 0.069 
 158   (0.029) 0.014 0.003 0.041 0.010 0.033 0.012 
 150   (0.016) 0.005 0.001 0.006 0.005 0.014 0.005 
 174   (0.013) 0.003 0.001 0.002 0.003 0.016 0.002 
 182   (0.019) 0.007 0.001 0.001 0.008 0.015 0.005 
 160   (0.022) 0.005 0.002 0.111 0.008 0.018 0.010 

Locus 13 : 
16 alleles
0.0% missing data
 285   (0.264) 0.260 0.067 0.110 0.312 0.272 0.296 
 291   (0.114) 0.093 0.027 0.016 0.192 0.110 0.077 
 289   (0.148) 0.138 0.013 0.014 0.225 0.152 0.204 
   0   (0.087) 0.296 0.847 0.715 0.031 0.081 0.033 
 277   (0.035) 0.015 0.003 0.003 0.034 0.033 0.023 
 273   (0.036) 0.009 0.004 0.003 0.012 0.030 0.208 
 293   (0.050) 0.051 0.006 0.004 0.016 0.070 0.027 
 287   (0.054) 0.035 0.010 0.021 0.034 0.046 0.052 
 295   (0.051) 0.020 0.004 0.004 0.068 0.053 0.017 
 301   (0.018) 0.005 0.002 0.002 0.008 0.015 0.005 
 303   (0.025) 0.010 0.002 0.011 0.012 0.026 0.015 
 279   (0.022) 0.026 0.006 0.002 0.014 0.019 0.009 
 181   (0.019) 0.004 0.002 0.002 0.004 0.014 0.015 
 283   (0.030) 0.006 0.002 0.087 0.006 0.031 0.006 
 281   (0.017) 0.007 0.001 0.001 0.009 0.014 0.004 
 297   (0.031) 0.024 0.002 0.005 0.022 0.032 0.009 

Values of parameters used in structure:
DATAFILE=bws18_structure.txt,	OUTFILE=bws18_structurek6_3_results,	NUMINDS=136,	NUMLOCI=13,	MISSING=-9,	LABEL=1,	POPDATA=1,	POPFLAG=0,	PHENOTYPE=0,	EXTRACOLS=0,	MAXPOPS=6,	BURNIN=10000,	NUMREPS=20000,	USEPOPINFO=0,	INFERALPHA=1,	INFERLAMBDA=0,	POPSPECIFICLAMBDA=0,	POPALPHAS=0,	COMPUTEPROB=1,	NOADMIX=0,	ADMBURNIN=500,	UPDATEFREQ=100,	PRINTLIKES=0,	INTERMEDSAVE=0,	PRINTKLD=0,	PRINTNET=1,	PRINTLAMBDA=1,	ANCESTDIST=0,	NUMBOXES=1000,	ANCESTPINT=0.90000,	GENSBACK=2,	MIGRPRIOR=0.01000,	PRINTQHAT=0,	PRINTQSUM=1,	ALPHA=1.0000,	FREQSCORR=1,	FPRIORMEAN=0.0100,	FPRIORSD=0.0500,	ONEFST=0,	LAMBDA=1.0000,	UNIFPRIORALPHA=1,	ALPHAMAX=10.0000,	ALPHAPRIORA=1.0000,	ALPHAPRIORB=2.0000,	ALPHAPROPSD=0.0250,	STARTATPOPINFO=0,	RANDOMIZE=1,	LINKAGE=0,	METROFREQ=10,	REPORTHITRATE=0,	MARKOVPHASE=0,	PHASED=0,	PLOIDY=2,	PHASEINFO=0	LOCPRIOR=0, 	LOCPRIORINIT=1.000000, 	LOCDATA=0, 	LOCISPOP=1, 	LOCPRIORSTEP=0.100000, 	MAXLOCPRIOR=20.000000, 	SEED=1682095983,	
[STRAT parameters]:    NUMSIMSTATS=1000,	PHENOTYPECOL=-9,	POOLFREQ=10,	LOCUSxONLY=0,	EMERROR=0.00100,	MISSINGPHENO=-9,	