

----------------------------------------------------
STRUCTURE by Pritchard, Stephens and Donnelly (2000)
     and Falush, Stephens and Pritchard (2003)
       Code by Pritchard, Falush and Hubisz
             Version 2.3.4 (Jul 2012)
----------------------------------------------------



Command line arguments:   ./structure -m mainparams_bws18_k7_2 
Input File:    bws18_structure.txt

Run parameters:
   141 individuals
   13 loci
   7 populations assumed
   10000 Burn-in period
   20000 Reps


--------------------------------------------
Proportion of membership of each pre-defined
 population in each of the 7 clusters

Given    Inferred Clusters                                   Number of
 Pop       1      2      3      4      5      6      7      Individuals

 17:     0.179  0.164  0.142  0.075  0.130  0.121  0.189       18
 22:     0.149  0.138  0.178  0.049  0.184  0.159  0.142       11
 29:     0.141  0.171  0.179  0.093  0.161  0.084  0.170       14
 62:     0.126  0.125  0.140  0.153  0.133  0.218  0.105       20
122:     0.146  0.151  0.132  0.082  0.151  0.088  0.249       14
193:     0.125  0.128  0.156  0.199  0.175  0.098  0.119       14
205:     0.156  0.154  0.196  0.059  0.230  0.080  0.126       21
286:     0.127  0.148  0.148  0.110  0.167  0.171  0.129       14
328:     0.097  0.097  0.128  0.293  0.093  0.190  0.101       15
--------------------------------------------

Allele-freq. divergence among pops (Net nucleotide distance),
computed using point estimates of P.

      1       2       3       4       5       6       7      
 1      -    0.0007  0.0061  0.0319  0.0075  0.0159  0.0044  
 2   0.0007     -    0.0069  0.0329  0.0087  0.0177  0.0049  
 3   0.0061  0.0069     -    0.0321  0.0015  0.0172  0.0042  
 4   0.0319  0.0329  0.0321     -    0.0323  0.0498  0.0295  
 5   0.0075  0.0087  0.0015  0.0323     -    0.0240  0.0045  
 6   0.0159  0.0177  0.0172  0.0498  0.0240     -    0.0188  
 7   0.0044  0.0049  0.0042  0.0295  0.0045  0.0188     -    

Average distances (expected heterozygosity) between individuals in same cluster:
cluster  1  : 0.6945 
cluster  2  : 0.6993 
cluster  3  : 0.6868 
cluster  4  : 0.6287 
cluster  5  : 0.6874 
cluster  6  : 0.6486 
cluster  7  : 0.7384 

--------------------------------------------
Estimated Ln Prob of Data   = -5483.6
Mean value of ln likelihood = -4759.8
Variance of ln likelihood   = 1447.5
Mean value of alpha         = 0.0807

Mean value of Fst_1         = 0.0988
Mean value of Fst_2         = 0.1015
Mean value of Fst_3         = 0.0925
Mean value of Fst_4         = 0.1624
Mean value of Fst_5         = 0.0927
Mean value of Fst_6         = 0.1269
Mean value of Fst_7         = 0.0139


Inferred ancestry of individuals:
        Label (%Miss) Pop:  Inferred clusters
  1    0079C    (0)   17 :  0.089 0.125 0.122 0.151 0.248 0.025 0.240 
  2    0079D    (0)   17 :  0.150 0.155 0.256 0.026 0.180 0.147 0.085 
  3    0079E   (23)   17 :  0.200 0.150 0.111 0.030 0.091 0.066 0.353 
  4    0079G    (0)   17 :  0.072 0.081 0.214 0.099 0.275 0.077 0.181 
  5    0082A    (0)   17 :  0.424 0.320 0.037 0.033 0.048 0.049 0.088 
  6    0082B    (0)   17 :  0.054 0.102 0.173 0.019 0.029 0.587 0.036 
  7    0082C   (15)   17 :  0.083 0.036 0.123 0.554 0.105 0.048 0.051 
  8    0082D   (23)   17 :  0.082 0.139 0.153 0.077 0.084 0.157 0.307 
  9    0121B   (38)   22 :  0.373 0.312 0.072 0.034 0.061 0.062 0.085 
 10    0121C    (0)   22 :  0.050 0.084 0.282 0.050 0.344 0.024 0.165 
 11    0147A   (38)   29 :  0.120 0.133 0.089 0.204 0.064 0.144 0.246 
 12    0147B    (7)   29 :  0.050 0.117 0.341 0.023 0.345 0.046 0.078 
 13    0147D   (30)   29 :  0.116 0.205 0.155 0.017 0.111 0.309 0.089 
 14    0167A    (0)   17 :  0.100 0.133 0.242 0.017 0.218 0.120 0.170 
 15    0167B    (0)   17 :  0.251 0.184 0.127 0.061 0.074 0.085 0.219 
 16    0167C    (0)   17 :  0.424 0.336 0.045 0.027 0.042 0.058 0.068 
 17    0309A    (0)   62 :  0.080 0.021 0.074 0.026 0.021 0.762 0.017 
 18    0309C    (0)   62 :  0.140 0.127 0.194 0.043 0.172 0.131 0.193 
 19    0309D   (30)   62 :  0.118 0.125 0.084 0.022 0.036 0.585 0.030 
 20    0309E   (15)   62 :  0.113 0.074 0.048 0.054 0.040 0.614 0.057 
 21    0625A    (7)   122 :  0.138 0.214 0.204 0.044 0.118 0.155 0.127 
 22    0625B    (0)   122 :  0.213 0.160 0.108 0.082 0.088 0.188 0.161 
 23    0625C    (0)   122 :  0.170 0.189 0.156 0.140 0.131 0.089 0.126 
 24    0625D    (0)   122 :  0.112 0.089 0.135 0.336 0.116 0.112 0.100 
 25    1029C   (23)   193 :  0.091 0.122 0.236 0.031 0.187 0.243 0.089 
 26    1029D   (30)   193 :  0.113 0.132 0.189 0.078 0.275 0.064 0.149 
 27    1029G   (46)   193 :  0.118 0.154 0.214 0.041 0.139 0.192 0.141 
 28    1187A    (0)   29 :  0.033 0.143 0.379 0.019 0.341 0.021 0.064 
 29    1187B    (0)   29 :  0.146 0.119 0.124 0.194 0.125 0.097 0.196 
 30    1187C    (0)   29 :  0.071 0.154 0.331 0.025 0.263 0.082 0.073 
 31    1187D   (15)   29 :  0.230 0.190 0.085 0.059 0.146 0.106 0.184 
 32    1187E    (0)   29 :  0.288 0.256 0.053 0.260 0.031 0.061 0.050 
 33    1314A   (15)   193 :  0.072 0.059 0.041 0.749 0.034 0.019 0.026 
 34    1314B   (15)   193 :  0.166 0.211 0.167 0.165 0.113 0.072 0.106 
 35    1314C    (0)   193 :  0.206 0.172 0.199 0.030 0.155 0.147 0.090 
 36    1314D    (0)   193 :  0.099 0.116 0.267 0.052 0.298 0.049 0.120 
 37    1314E    (7)   193 :  0.144 0.139 0.055 0.467 0.047 0.095 0.053 
 38    1319A    (0)   62 :  0.117 0.122 0.212 0.072 0.130 0.275 0.071 
 39    1319B    (7)   62 :  0.180 0.199 0.261 0.072 0.180 0.060 0.048 
 40    1600A    (0)   29 :  0.240 0.236 0.208 0.029 0.140 0.054 0.093 
 41    1600B    (0)   29 :  0.165 0.154 0.173 0.072 0.168 0.046 0.224 
 42    1600C    (7)   29 :  0.072 0.095 0.197 0.249 0.224 0.046 0.117 
 43    1630A    (7)   193 :  0.060 0.066 0.222 0.038 0.425 0.060 0.129 
 44    1630B   (15)   193 :  0.019 0.022 0.025 0.858 0.036 0.019 0.022 
 45    1630C   (46)   193 :  0.183 0.159 0.119 0.038 0.156 0.255 0.089 
 46    1711A    (7)   286 :  0.054 0.102 0.194 0.034 0.033 0.524 0.060 
 47    1711B    (0)   286 :  0.054 0.098 0.211 0.034 0.057 0.466 0.080 
 48    1711C   (46)   286 :  0.044 0.042 0.033 0.784 0.033 0.033 0.032 
 49    1711D   (23)   286 :  0.092 0.068 0.130 0.035 0.169 0.280 0.225 
 50    1711E   (30)   286 :  0.112 0.116 0.062 0.013 0.034 0.634 0.029 
 51    1715A    (0)   205 :  0.049 0.037 0.270 0.100 0.445 0.034 0.064 
 52    1715B    (0)   205 :  0.051 0.052 0.293 0.023 0.465 0.043 0.074 
 53    1715C    (0)   205 :  0.135 0.160 0.087 0.056 0.158 0.037 0.367 
 54    1715D    (0)   205 :  0.184 0.208 0.306 0.009 0.204 0.050 0.039 
 55    1715E    (0)   205 :  0.102 0.148 0.240 0.029 0.365 0.053 0.064 
 56    1726A    (0)   205 :  0.045 0.049 0.308 0.033 0.468 0.024 0.074 
 57    1726B   (23)   205 :  0.261 0.147 0.088 0.188 0.161 0.053 0.102 
 58    1783A   (46)   205 :  0.034 0.069 0.322 0.017 0.350 0.038 0.170 
 59    1783B    (0)   205 :  0.092 0.126 0.194 0.048 0.175 0.310 0.055 
 60    1783C    (0)   205 :  0.103 0.094 0.225 0.042 0.274 0.114 0.149 
 61    1783D    (0)   205 :  0.021 0.081 0.379 0.019 0.403 0.019 0.077 
 62    1783E    (0)   205 :  0.135 0.118 0.090 0.057 0.204 0.023 0.374 
 63    2008C    (0)   62 :  0.062 0.102 0.249 0.016 0.200 0.175 0.197 
 64    2008D    (0)   62 :  0.159 0.199 0.202 0.030 0.135 0.039 0.236 
 65    2008E    (7)   62 :  0.095 0.078 0.121 0.103 0.063 0.481 0.060 
 66    2008F   (38)   62 :  0.104 0.103 0.120 0.392 0.173 0.044 0.064 
 67    2008G    (7)   62 :  0.200 0.183 0.187 0.017 0.142 0.180 0.092 
 68    2008H    (0)   62 :  0.035 0.033 0.022 0.841 0.022 0.019 0.027 
 69    2033A   (23)   328 :  0.166 0.113 0.146 0.026 0.202 0.149 0.197 
 70    2159A    (0)   328 :  0.047 0.050 0.034 0.706 0.033 0.098 0.032 
 71    2159B    (0)   328 :  0.013 0.011 0.011 0.929 0.011 0.013 0.013 
 72    2159C    (0)   328 :  0.263 0.133 0.154 0.068 0.149 0.100 0.132 
 73    2159D    (0)   328 :  0.010 0.010 0.011 0.937 0.009 0.013 0.010 
 74    2159E    (0)   328 :  0.089 0.119 0.236 0.208 0.168 0.081 0.098 
 75    2341B    (7)   62 :  0.164 0.148 0.096 0.020 0.021 0.514 0.037 
 76    2341C    (0)   62 :  0.050 0.087 0.130 0.020 0.242 0.036 0.435 
 77    2351A    (0)   62 :  0.421 0.346 0.035 0.042 0.041 0.028 0.088 
 78    2366A   (46)   122 :  0.141 0.114 0.085 0.176 0.121 0.164 0.198 
 79    2366B   (46)   122 :  0.064 0.059 0.269 0.036 0.341 0.060 0.170 
 80    2366C    (0)   122 :  0.049 0.108 0.147 0.026 0.311 0.014 0.343 
 81    2366D    (0)   122 :  0.186 0.138 0.071 0.058 0.143 0.053 0.350 
 82    2409A   (15)   122 :  0.435 0.410 0.028 0.033 0.020 0.048 0.025 
 83    2423C    (0)   205 :  0.143 0.101 0.179 0.178 0.205 0.072 0.121 
 84    2423D    (7)   205 :  0.247 0.216 0.239 0.021 0.182 0.040 0.055 
 85    2423E   (30)   205 :  0.199 0.165 0.123 0.022 0.164 0.026 0.300 
 86    2856A   (23)   22 :  0.080 0.135 0.235 0.032 0.281 0.083 0.155 
 87    2856B    (7)   22 :  0.083 0.089 0.168 0.084 0.180 0.050 0.346 
 88    2856C    (7)   22 :  0.104 0.161 0.139 0.035 0.051 0.418 0.092 
 89    2856E   (23)   22 :  0.262 0.179 0.177 0.066 0.080 0.145 0.090 
 90    3026A    (0)   17 :  0.047 0.082 0.135 0.039 0.206 0.016 0.473 
 91    3026B   (15)   17 :  0.113 0.150 0.158 0.057 0.101 0.147 0.274 
 92    3253A    (0)   205 :  0.143 0.066 0.154 0.038 0.107 0.404 0.088 
 93    3280A    (0)   328 :  0.090 0.061 0.098 0.017 0.048 0.616 0.070 
 94    3280B    (0)   328 :  0.252 0.245 0.133 0.085 0.073 0.031 0.182 
 95    3760C   (23)   122 :  0.009 0.123 0.010 0.006 0.025 0.006 0.821 
 96    4249A    (0)   193 :  0.224 0.121 0.071 0.076 0.135 0.023 0.351 
 97    4316A    (7)   17 :  0.281 0.226 0.121 0.037 0.096 0.074 0.164 
 98    4316B    (0)   17 :  0.171 0.177 0.199 0.042 0.130 0.055 0.226 
 99    4316C   (15)   17 :  0.146 0.185 0.149 0.042 0.216 0.034 0.227 
100    4316D   (15)   17 :  0.125 0.152 0.142 0.012 0.116 0.391 0.062 
101    4316E   (15)   17 :  0.413 0.220 0.051 0.027 0.078 0.033 0.179 
102    5597A   (23)   22 :  0.205 0.167 0.103 0.064 0.156 0.118 0.186 
103    5597B    (0)   22 :  0.114 0.051 0.149 0.019 0.101 0.469 0.096 
104    5597C    (0)   22 :  0.086 0.122 0.171 0.088 0.216 0.186 0.131 
105    5597D   (23)   22 :  0.091 0.102 0.265 0.039 0.387 0.051 0.065 
106    5637A    (0)   205 :  0.391 0.371 0.072 0.040 0.031 0.050 0.045 
107    5637C    (7)   205 :  0.074 0.071 0.251 0.137 0.281 0.027 0.160 
108    5637D   (38)   205 :  0.154 0.141 0.177 0.111 0.135 0.082 0.200 
109    5637E   (46)   205 :  0.322 0.386 0.059 0.035 0.035 0.123 0.040 
110    5637G   (46)   205 :  0.387 0.424 0.060 0.030 0.021 0.052 0.026 
111    5912A    (0)   286 :  0.328 0.356 0.077 0.028 0.083 0.037 0.090 
112    5912B    (0)   286 :  0.066 0.090 0.290 0.035 0.407 0.039 0.074 
113    5912C   (30)   286 :  0.436 0.432 0.021 0.028 0.031 0.014 0.038 
114    5912D   (30)   286 :  0.096 0.072 0.215 0.079 0.256 0.022 0.261 
115    5912E   (15)   286 :  0.085 0.128 0.266 0.048 0.299 0.035 0.139 
116    5954B   (38)   286 :  0.054 0.126 0.125 0.094 0.117 0.085 0.399 
117    5954C   (46)   286 :  0.156 0.172 0.154 0.288 0.106 0.078 0.047 
118    5954D   (46)   286 :  0.112 0.159 0.173 0.020 0.369 0.089 0.078 
119    5954E   (53)   286 :  0.090 0.111 0.118 0.021 0.341 0.063 0.256 
120    6136A    (0)   29 :  0.238 0.220 0.131 0.106 0.069 0.105 0.131 
121    6136B    (7)   29 :  0.087 0.185 0.066 0.018 0.062 0.039 0.542 
122    6136C   (15)   29 :  0.114 0.190 0.173 0.036 0.172 0.018 0.296 
123    6337A    (7)   328 :  0.047 0.040 0.151 0.010 0.020 0.714 0.018 
124    6337B    (0)   328 :  0.077 0.090 0.217 0.033 0.074 0.462 0.046 
125    6337C    (0)   328 :  0.079 0.124 0.211 0.028 0.056 0.362 0.141 
126    6337D   (15)   328 :  0.020 0.018 0.020 0.886 0.015 0.014 0.028 
127    6337E    (7)   328 :  0.080 0.088 0.073 0.379 0.077 0.046 0.257 
128    6382C    (0)   122 :  0.063 0.080 0.171 0.040 0.264 0.135 0.249 
129    6382E    (0)   122 :  0.177 0.161 0.201 0.110 0.201 0.039 0.110 
130    6382F   (46)   122 :  0.233 0.181 0.192 0.028 0.136 0.072 0.157 
131    6382G   (15)   122 :  0.060 0.091 0.069 0.035 0.096 0.094 0.554 
132    6514C    (0)   62 :  0.104 0.161 0.140 0.025 0.208 0.260 0.101 
133    6514E    (0)   62 :  0.107 0.132 0.237 0.075 0.286 0.050 0.114 
134    6514F    (0)   62 :  0.139 0.124 0.119 0.345 0.125 0.052 0.095 
135    6514G   (30)   62 :  0.085 0.110 0.247 0.023 0.404 0.035 0.095 
136    6514H   (15)   62 :  0.047 0.027 0.025 0.826 0.024 0.017 0.034 
137    6546B   (23)   328 :  0.137 0.204 0.199 0.012 0.215 0.038 0.195 
138    6546C   (30)   328 :  0.090 0.141 0.230 0.079 0.241 0.114 0.105 
139    6706A   (23)   193 :  0.148 0.186 0.212 0.094 0.133 0.086 0.141 
140    6706B   (30)   193 :  0.102 0.130 0.162 0.068 0.323 0.048 0.167 
141    6723B   (46)   22 :  0.191 0.114 0.200 0.033 0.171 0.142 0.149 


Estimated Allele Frequencies in each cluster
First column gives estimated ancestral frequencies


Locus 1 : 
8 alleles
3.5% missing data
 148   (0.677) 0.746 0.738 0.767 0.593 0.767 0.787 0.678 
 146   (0.123) 0.100 0.097 0.122 0.352 0.113 0.115 0.116 
 147   (0.100) 0.109 0.116 0.077 0.037 0.074 0.075 0.101 
 142   (0.027) 0.010 0.012 0.010 0.005 0.013 0.006 0.030 
 137   (0.015) 0.006 0.007 0.006 0.003 0.005 0.003 0.013 
 161   (0.026) 0.009 0.013 0.007 0.004 0.009 0.005 0.035 
 172   (0.015) 0.011 0.008 0.004 0.002 0.004 0.003 0.012 
 151   (0.018) 0.008 0.009 0.007 0.003 0.016 0.006 0.016 

Locus 2 : 
16 alleles
5.7% missing data
 197   (0.277) 0.305 0.272 0.316 0.350 0.289 0.460 0.284 
 205   (0.108) 0.095 0.107 0.141 0.028 0.143 0.092 0.109 
 199   (0.077) 0.069 0.074 0.079 0.020 0.112 0.054 0.075 
 201   (0.165) 0.180 0.170 0.146 0.295 0.176 0.072 0.173 
 203   (0.049) 0.149 0.174 0.026 0.013 0.019 0.038 0.050 
 213   (0.037) 0.024 0.018 0.032 0.008 0.023 0.124 0.032 
 227   (0.035) 0.016 0.016 0.016 0.129 0.013 0.016 0.033 
 221   (0.027) 0.009 0.010 0.020 0.100 0.018 0.006 0.023 
 211   (0.063) 0.064 0.058 0.079 0.019 0.072 0.034 0.060 
 215   (0.028) 0.027 0.030 0.014 0.012 0.010 0.017 0.024 
 217   (0.032) 0.018 0.019 0.032 0.006 0.019 0.057 0.026 
 193   (0.030) 0.012 0.019 0.057 0.006 0.054 0.008 0.041 
 191   (0.029) 0.014 0.013 0.028 0.007 0.035 0.012 0.030 
 219   (0.012) 0.008 0.007 0.005 0.003 0.004 0.003 0.010 
 241   (0.017) 0.004 0.006 0.004 0.002 0.004 0.003 0.019 
 207   (0.015) 0.006 0.007 0.006 0.003 0.007 0.003 0.013 

Locus 3 : 
9 alleles
12.8% missing data
 201   (0.273) 0.266 0.251 0.320 0.335 0.316 0.292 0.268 
 207   (0.323) 0.346 0.328 0.359 0.383 0.426 0.163 0.341 
 204   (0.214) 0.245 0.283 0.178 0.181 0.138 0.340 0.215 
 210   (0.101) 0.099 0.094 0.101 0.077 0.086 0.084 0.096 
 219   (0.016) 0.010 0.010 0.007 0.003 0.005 0.033 0.012 
 198   (0.020) 0.010 0.010 0.008 0.008 0.011 0.006 0.019 
 213   (0.016) 0.010 0.009 0.006 0.003 0.005 0.034 0.013 
 216   (0.019) 0.007 0.010 0.009 0.007 0.009 0.008 0.023 
 189   (0.017) 0.006 0.006 0.011 0.003 0.005 0.040 0.013 

Locus 4 : 
12 alleles
12.8% missing data
 138   (0.142) 0.103 0.116 0.133 0.152 0.119 0.113 0.154 
 140   (0.186) 0.287 0.320 0.155 0.146 0.131 0.238 0.190 
 132   (0.174) 0.154 0.141 0.181 0.164 0.184 0.198 0.186 
 154   (0.014) 0.005 0.005 0.007 0.004 0.009 0.004 0.012 
 142   (0.130) 0.172 0.178 0.174 0.048 0.146 0.187 0.122 
 134   (0.056) 0.048 0.043 0.043 0.057 0.064 0.050 0.051 
 128   (0.032) 0.017 0.013 0.015 0.173 0.014 0.009 0.029 
 136   (0.107) 0.089 0.078 0.152 0.033 0.178 0.108 0.113 
 144   (0.058) 0.063 0.047 0.036 0.110 0.032 0.022 0.055 
 146   (0.027) 0.015 0.016 0.017 0.008 0.012 0.020 0.023 
 152   (0.031) 0.014 0.014 0.017 0.090 0.016 0.009 0.026 
 130   (0.043) 0.033 0.029 0.070 0.013 0.096 0.041 0.041 

Locus 5 : 
9 alleles
16.3% missing data
 257   (0.395) 0.389 0.394 0.486 0.691 0.457 0.395 0.395 
 271   (0.053) 0.028 0.035 0.047 0.016 0.065 0.032 0.052 
 259   (0.331) 0.357 0.336 0.362 0.231 0.370 0.425 0.323 
 261   (0.072) 0.123 0.105 0.042 0.024 0.040 0.078 0.069 
 263   (0.022) 0.011 0.010 0.007 0.010 0.007 0.022 0.019 
 269   (0.023) 0.048 0.057 0.007 0.005 0.007 0.005 0.018 
 273   (0.070) 0.031 0.047 0.035 0.016 0.043 0.026 0.094 
 265   (0.017) 0.008 0.007 0.005 0.004 0.007 0.004 0.016 
 267   (0.017) 0.006 0.007 0.009 0.003 0.005 0.011 0.014 

Locus 6 : 
15 alleles
4.3% missing data
 147   (0.155) 0.175 0.185 0.153 0.587 0.188 0.073 0.156 
 141   (0.113) 0.142 0.127 0.110 0.027 0.093 0.322 0.104 
 149   (0.099) 0.068 0.071 0.140 0.055 0.143 0.152 0.103 
 159   (0.061) 0.132 0.135 0.042 0.016 0.040 0.024 0.060 
 137   (0.099) 0.096 0.093 0.100 0.029 0.075 0.126 0.099 
 139   (0.037) 0.028 0.029 0.022 0.009 0.023 0.024 0.037 
 161   (0.060) 0.049 0.053 0.075 0.020 0.090 0.045 0.058 
 151   (0.073) 0.054 0.064 0.118 0.020 0.116 0.031 0.075 
 153   (0.084) 0.056 0.056 0.069 0.028 0.070 0.090 0.097 
 165   (0.053) 0.039 0.049 0.061 0.012 0.049 0.030 0.051 
 145   (0.059) 0.044 0.046 0.049 0.161 0.044 0.034 0.055 
 135   (0.014) 0.006 0.006 0.007 0.003 0.006 0.006 0.012 
 157   (0.039) 0.054 0.043 0.016 0.020 0.020 0.011 0.038 
 143   (0.032) 0.043 0.027 0.033 0.009 0.037 0.026 0.032 
 155   (0.023) 0.014 0.015 0.005 0.004 0.006 0.004 0.024 

Locus 7 : 
4 alleles
2.1% missing data
 138   (0.762) 0.797 0.797 0.756 0.922 0.737 0.877 0.760 
 144   (0.074) 0.054 0.064 0.083 0.015 0.083 0.031 0.072 
 132   (0.149) 0.142 0.134 0.154 0.060 0.174 0.086 0.155 
 135   (0.016) 0.007 0.005 0.007 0.003 0.006 0.006 0.013 

Locus 8 : 
12 alleles
20.6% missing data
 276   (0.067) 0.042 0.043 0.071 0.099 0.091 0.018 0.067 
 286   (0.127) 0.158 0.157 0.128 0.078 0.148 0.082 0.127 
 278   (0.224) 0.212 0.263 0.295 0.294 0.289 0.133 0.233 
 270   (0.030) 0.029 0.023 0.016 0.008 0.013 0.014 0.031 
 280   (0.224) 0.267 0.257 0.234 0.171 0.220 0.326 0.224 
 266   (0.037) 0.030 0.037 0.041 0.022 0.021 0.088 0.032 
 282   (0.142) 0.158 0.122 0.118 0.131 0.114 0.213 0.143 
 274   (0.028) 0.011 0.015 0.030 0.016 0.032 0.008 0.027 
 290   (0.027) 0.027 0.027 0.020 0.005 0.015 0.083 0.022 
 284   (0.034) 0.031 0.026 0.023 0.011 0.024 0.016 0.035 
 288   (0.037) 0.026 0.020 0.015 0.159 0.020 0.014 0.036 
 272   (0.022) 0.009 0.010 0.009 0.005 0.014 0.005 0.023 

Locus 9 : 
15 alleles
3.5% missing data
 146   (0.412) 0.471 0.463 0.490 0.508 0.514 0.514 0.429 
 178   (0.031) 0.021 0.023 0.012 0.009 0.021 0.007 0.038 
 170   (0.046) 0.053 0.038 0.036 0.034 0.035 0.022 0.043 
 166   (0.067) 0.055 0.054 0.072 0.021 0.075 0.038 0.066 
 172   (0.053) 0.034 0.042 0.082 0.026 0.057 0.030 0.053 
 168   (0.076) 0.076 0.064 0.066 0.092 0.051 0.177 0.069 
 162   (0.019) 0.017 0.014 0.007 0.004 0.008 0.007 0.016 
 148   (0.081) 0.101 0.121 0.092 0.041 0.091 0.078 0.073 
 160   (0.066) 0.095 0.100 0.040 0.143 0.035 0.058 0.057 
 174   (0.029) 0.018 0.017 0.017 0.010 0.022 0.011 0.033 
 158   (0.031) 0.013 0.013 0.015 0.091 0.014 0.017 0.027 
 154   (0.037) 0.021 0.021 0.044 0.009 0.048 0.028 0.042 
 164   (0.015) 0.005 0.006 0.004 0.003 0.006 0.003 0.014 
 180   (0.013) 0.003 0.005 0.003 0.002 0.003 0.002 0.015 
 142   (0.025) 0.017 0.019 0.020 0.006 0.020 0.008 0.024 

Locus 10 : 
7 alleles
5.0% missing data
 158   (0.778) 0.840 0.818 0.884 0.784 0.877 0.877 0.770 
 160   (0.117) 0.121 0.134 0.069 0.173 0.070 0.096 0.112 
 154   (0.028) 0.013 0.014 0.012 0.006 0.014 0.009 0.027 
 156   (0.020) 0.009 0.007 0.019 0.007 0.022 0.005 0.023 
 152   (0.027) 0.009 0.018 0.008 0.004 0.008 0.006 0.042 
 144   (0.016) 0.004 0.004 0.004 0.024 0.004 0.003 0.012 
 162   (0.015) 0.004 0.005 0.004 0.002 0.005 0.004 0.015 

Locus 11 : 
14 alleles
29.1% missing data
 214   (0.152) 0.144 0.129 0.146 0.060 0.208 0.086 0.173 
 220   (0.149) 0.136 0.127 0.131 0.313 0.141 0.095 0.148 
 210   (0.084) 0.079 0.061 0.096 0.054 0.086 0.171 0.078 
 218   (0.273) 0.342 0.355 0.346 0.327 0.275 0.502 0.257 
 192   (0.018) 0.009 0.008 0.007 0.004 0.007 0.005 0.017 
 194   (0.017) 0.009 0.008 0.007 0.004 0.007 0.005 0.017 
 212   (0.035) 0.028 0.023 0.025 0.058 0.025 0.013 0.031 
 222   (0.099) 0.109 0.112 0.135 0.085 0.116 0.061 0.095 
 224   (0.021) 0.028 0.028 0.007 0.005 0.007 0.007 0.017 
 216   (0.078) 0.087 0.107 0.071 0.049 0.096 0.030 0.079 
 200   (0.014) 0.004 0.006 0.004 0.003 0.004 0.003 0.017 
 204   (0.016) 0.004 0.007 0.004 0.003 0.005 0.004 0.019 
 188   (0.030) 0.015 0.021 0.013 0.031 0.013 0.010 0.037 
 208   (0.014) 0.005 0.006 0.007 0.003 0.009 0.007 0.013 

Locus 12 : 
17 alleles
18.4% missing data
 144   (0.040) 0.022 0.026 0.021 0.034 0.030 0.017 0.046 
 162   (0.035) 0.027 0.028 0.034 0.013 0.055 0.013 0.037 
 170   (0.040) 0.033 0.034 0.040 0.011 0.030 0.047 0.038 
 148   (0.086) 0.104 0.117 0.123 0.176 0.105 0.055 0.083 
 142   (0.071) 0.132 0.150 0.076 0.056 0.070 0.087 0.064 
 154   (0.045) 0.044 0.048 0.034 0.043 0.035 0.014 0.042 
 146   (0.352) 0.398 0.375 0.430 0.490 0.439 0.363 0.366 
 164   (0.056) 0.033 0.035 0.045 0.028 0.048 0.030 0.059 
 168   (0.031) 0.019 0.019 0.023 0.007 0.024 0.012 0.030 
 156   (0.055) 0.050 0.035 0.047 0.096 0.028 0.224 0.047 
 172   (0.038) 0.041 0.037 0.029 0.011 0.025 0.028 0.035 
 166   (0.051) 0.042 0.037 0.047 0.016 0.046 0.071 0.051 
 158   (0.034) 0.023 0.024 0.018 0.007 0.017 0.009 0.037 
 150   (0.013) 0.005 0.005 0.006 0.003 0.006 0.009 0.012 
 174   (0.012) 0.003 0.006 0.003 0.002 0.003 0.003 0.016 
 182   (0.018) 0.008 0.008 0.008 0.004 0.007 0.005 0.016 
 160   (0.022) 0.015 0.017 0.015 0.005 0.031 0.014 0.022 

Locus 13 : 
15 alleles
31.2% missing data
 285   (0.290) 0.351 0.339 0.250 0.452 0.284 0.343 0.285 
 291   (0.135) 0.106 0.112 0.212 0.087 0.204 0.122 0.140 
 289   (0.172) 0.263 0.258 0.214 0.095 0.220 0.097 0.161 
 277   (0.037) 0.018 0.021 0.048 0.015 0.063 0.014 0.038 
 273   (0.037) 0.024 0.038 0.075 0.009 0.017 0.252 0.033 
 293   (0.053) 0.062 0.065 0.032 0.017 0.027 0.019 0.061 
 287   (0.050) 0.038 0.032 0.019 0.255 0.022 0.019 0.045 
 295   (0.056) 0.029 0.032 0.058 0.016 0.064 0.021 0.061 
 301   (0.018) 0.007 0.007 0.009 0.004 0.014 0.005 0.015 
 303   (0.026) 0.015 0.011 0.015 0.007 0.015 0.043 0.025 
 279   (0.025) 0.029 0.017 0.014 0.009 0.017 0.014 0.023 
 181   (0.016) 0.008 0.009 0.008 0.004 0.006 0.014 0.014 
 283   (0.036) 0.013 0.022 0.015 0.012 0.015 0.013 0.051 
 281   (0.018) 0.009 0.007 0.008 0.004 0.007 0.016 0.015 
 297   (0.033) 0.028 0.031 0.022 0.011 0.022 0.009 0.033 

Values of parameters used in structure:
DATAFILE=bws18_structure.txt,	OUTFILE=bws18_structurek7_2_results,	NUMINDS=141,	NUMLOCI=13,	MISSING=-9,	LABEL=1,	POPDATA=1,	POPFLAG=0,	PHENOTYPE=0,	EXTRACOLS=0,	MAXPOPS=7,	BURNIN=10000,	NUMREPS=20000,	USEPOPINFO=0,	INFERALPHA=1,	INFERLAMBDA=0,	POPSPECIFICLAMBDA=0,	POPALPHAS=0,	COMPUTEPROB=1,	NOADMIX=0,	ADMBURNIN=500,	UPDATEFREQ=100,	PRINTLIKES=0,	INTERMEDSAVE=0,	PRINTKLD=0,	PRINTNET=1,	PRINTLAMBDA=1,	ANCESTDIST=0,	NUMBOXES=1000,	ANCESTPINT=0.90000,	GENSBACK=2,	MIGRPRIOR=0.01000,	PRINTQHAT=0,	PRINTQSUM=1,	ALPHA=1.0000,	FREQSCORR=1,	FPRIORMEAN=0.0100,	FPRIORSD=0.0500,	ONEFST=0,	LAMBDA=1.0000,	UNIFPRIORALPHA=1,	ALPHAMAX=10.0000,	ALPHAPRIORA=1.0000,	ALPHAPRIORB=2.0000,	ALPHAPROPSD=0.0250,	STARTATPOPINFO=0,	RANDOMIZE=1,	LINKAGE=0,	METROFREQ=10,	REPORTHITRATE=0,	MARKOVPHASE=0,	PHASED=0,	PLOIDY=2,	PHASEINFO=0	LOCPRIOR=0, 	LOCPRIORINIT=1.000000, 	LOCDATA=0, 	LOCISPOP=1, 	LOCPRIORSTEP=0.100000, 	MAXLOCPRIOR=20.000000, 	SEED=1680179649,	
[STRAT parameters]:    NUMSIMSTATS=1000,	PHENOTYPECOL=-9,	POOLFREQ=10,	LOCUSxONLY=0,	EMERROR=0.00100,	MISSINGPHENO=-9,	