

----------------------------------------------------
STRUCTURE by Pritchard, Stephens and Donnelly (2000)
     and Falush, Stephens and Pritchard (2003)
       Code by Pritchard, Falush and Hubisz
             Version 2.3.4 (Jul 2012)
----------------------------------------------------



Command line arguments:   ./structure -m mainparams_bws18_k3_3 
Input File:    bws18_structure.txt

Run parameters:
   136 individuals
   13 loci
   3 populations assumed
   10000 Burn-in period
   20000 Reps


--------------------------------------------
Proportion of membership of each pre-defined
 population in each of the 3 clusters

Given    Inferred Clusters       Number of
 Pop       1      2      3      Individuals

 17:     0.432  0.037  0.530       18
 22:     0.274  0.247  0.479       11
 29:     0.324  0.072  0.604       13
 62:     0.230  0.109  0.660       20
122:     0.222  0.247  0.531       14
193:     0.192  0.325  0.483       14
205:     0.172  0.152  0.676       19
286:     0.094  0.543  0.363       13
328:     0.232  0.092  0.675       14
--------------------------------------------

Allele-freq. divergence among pops (Net nucleotide distance),
computed using point estimates of P.

      1       2       3      
 1      -    0.0916  0.0469  
 2   0.0916     -    0.1514  
 3   0.0469  0.1514     -    

Average distances (expected heterozygosity) between individuals in same cluster:
cluster  1  : 0.6986 
cluster  2  : 0.6006 
cluster  3  : 0.6890 

--------------------------------------------
Estimated Ln Prob of Data   = -5878.8
Mean value of ln likelihood = -5675.4
Variance of ln likelihood   = 406.8
Mean value of alpha         = 0.0976

Mean value of Fst_1         = 0.0803
Mean value of Fst_2         = 0.2045
Mean value of Fst_3         = 0.0643


Inferred ancestry of individuals:
        Label (%Miss) Pop:  Inferred clusters
  1    0079C    (0)   17 :  0.016 0.010 0.974 
  2    0079D    (0)   17 :  0.019 0.008 0.973 
  3    0079E    (0)   17 :  0.946 0.023 0.031 
  4    0079G    (0)   17 :  0.020 0.010 0.970 
  5    0082A    (0)   17 :  0.093 0.009 0.897 
  6    0082B    (0)   17 :  0.029 0.013 0.958 
  7    0082C    (0)   17 :  0.421 0.388 0.192 
  8    0082D    (0)   17 :  0.969 0.015 0.016 
  9    0121B    (0)   22 :  0.454 0.493 0.054 
 10    0121C    (0)   22 :  0.018 0.009 0.973 
 11    0147A    (0)   29 :  0.730 0.260 0.009 
 12    0147B    (0)   29 :  0.320 0.046 0.633 
 13    0147D    (0)   29 :  0.802 0.180 0.019 
 14    0167A    (0)   17 :  0.014 0.008 0.978 
 15    0167B    (0)   17 :  0.917 0.009 0.074 
 16    0167C    (0)   17 :  0.034 0.009 0.958 
 17    0309A    (0)   62 :  0.031 0.009 0.960 
 18    0309C    (0)   62 :  0.017 0.008 0.974 
 19    0309D    (0)   62 :  0.483 0.464 0.053 
 20    0309E    (0)   62 :  0.942 0.015 0.043 
 21    0625A    (0)   122 :  0.547 0.024 0.429 
 22    0625B    (0)   122 :  0.169 0.008 0.822 
 23    0625C    (0)   122 :  0.018 0.008 0.974 
 24    0625D    (0)   122 :  0.014 0.008 0.978 
 25    1029C    (0)   193 :  0.592 0.200 0.207 
 26    1029D    (0)   193 :  0.748 0.226 0.026 
 27    1029G    (0)   193 :  0.074 0.908 0.018 
 28    1187B    (0)   29 :  0.018 0.010 0.972 
 29    1187C    (0)   29 :  0.137 0.008 0.856 
 30    1187D    (0)   29 :  0.777 0.017 0.206 
 31    1187E    (0)   29 :  0.018 0.008 0.974 
 32    1314A    (0)   193 :  0.187 0.253 0.560 
 33    1314B    (0)   193 :  0.077 0.243 0.679 
 34    1314C    (0)   193 :  0.047 0.008 0.945 
 35    1314D    (0)   193 :  0.014 0.007 0.978 
 36    1314E    (0)   193 :  0.071 0.181 0.748 
 37    1319A    (0)   62 :  0.033 0.009 0.958 
 38    1319B    (0)   62 :  0.204 0.026 0.770 
 39    1600A    (0)   29 :  0.072 0.014 0.915 
 40    1600B    (0)   29 :  0.017 0.008 0.975 
 41    1600C    (0)   29 :  0.048 0.047 0.905 
 42    1630A    (0)   193 :  0.224 0.096 0.680 
 43    1630B    (0)   193 :  0.247 0.287 0.466 
 44    1630C    (0)   193 :  0.106 0.859 0.035 
 45    1711A    (0)   286 :  0.114 0.069 0.818 
 46    1711B    (0)   286 :  0.021 0.008 0.971 
 47    1711C    (0)   286 :  0.113 0.869 0.018 
 48    1711D    (0)   286 :  0.166 0.504 0.330 
 49    1711E    (0)   286 :  0.628 0.351 0.021 
 50    1715B    (0)   205 :  0.024 0.010 0.966 
 51    1715C    (0)   205 :  0.108 0.009 0.884 
 52    1715D    (0)   205 :  0.018 0.010 0.972 
 53    1715E    (0)   205 :  0.030 0.016 0.954 
 54    1726A    (0)   205 :  0.031 0.015 0.954 
 55    1726B    (0)   205 :  0.673 0.186 0.141 
 56    1783A    (0)   205 :  0.013 0.978 0.009 
 57    1783B    (0)   205 :  0.042 0.014 0.943 
 58    1783C    (0)   205 :  0.033 0.012 0.955 
 59    1783D    (0)   205 :  0.015 0.012 0.974 
 60    1783E    (0)   205 :  0.014 0.008 0.978 
 61    2008C    (0)   62 :  0.016 0.007 0.978 
 62    2008D    (0)   62 :  0.037 0.010 0.953 
 63    2008E    (0)   62 :  0.026 0.090 0.883 
 64    2008F    (0)   62 :  0.263 0.707 0.030 
 65    2008G    (0)   62 :  0.539 0.045 0.416 
 66    2008H    (0)   62 :  0.034 0.008 0.958 
 67    2033A    (0)   328 :  0.045 0.355 0.600 
 68    2159A    (0)   328 :  0.113 0.009 0.878 
 69    2159B    (0)   328 :  0.020 0.007 0.972 
 70    2159C    (0)   328 :  0.051 0.011 0.937 
 71    2159E    (0)   328 :  0.014 0.006 0.980 
 72    2341B    (0)   62 :  0.764 0.012 0.224 
 73    2341C    (0)   62 :  0.036 0.011 0.953 
 74    2351A    (0)   62 :  0.131 0.008 0.861 
 75    2366A    (0)   122 :  0.015 0.939 0.046 
 76    2366B    (0)   122 :  0.013 0.974 0.013 
 77    2366C    (0)   122 :  0.026 0.011 0.963 
 78    2366D    (0)   122 :  0.049 0.009 0.942 
 79    2409A    (0)   122 :  0.781 0.041 0.178 
 80    2423C    (0)   205 :  0.020 0.013 0.968 
 81    2423D    (0)   205 :  0.277 0.020 0.702 
 82    2423E    (0)   205 :  0.841 0.120 0.039 
 83    2856A    (0)   22 :  0.081 0.363 0.555 
 84    2856B    (0)   22 :  0.061 0.043 0.897 
 85    2856C    (0)   22 :  0.288 0.031 0.681 
 86    2856E    (0)   22 :  0.943 0.023 0.035 
 87    3026A    (0)   17 :  0.114 0.011 0.875 
 88    3026B    (0)   17 :  0.844 0.012 0.145 
 89    3253A    (0)   205 :  0.016 0.011 0.973 
 90    3280A    (0)   328 :  0.088 0.013 0.899 
 91    3280B    (0)   328 :  0.127 0.008 0.865 
 92    3760C    (0)   122 :  0.452 0.530 0.018 
 93    4249A    (0)   193 :  0.034 0.009 0.957 
 94    4316A    (0)   17 :  0.602 0.008 0.390 
 95    4316B    (0)   17 :  0.032 0.008 0.959 
 96    4316C    (0)   17 :  0.826 0.111 0.063 
 97    4316D    (0)   17 :  0.931 0.012 0.057 
 98    4316E    (0)   17 :  0.954 0.010 0.036 
 99    5597A    (0)   22 :  0.902 0.074 0.024 
100    5597B    (0)   22 :  0.081 0.010 0.909 
101    5597C    (0)   22 :  0.035 0.008 0.957 
102    5597D    (0)   22 :  0.143 0.681 0.176 
103    5637A    (0)   205 :  0.349 0.014 0.637 
104    5637C    (0)   205 :  0.075 0.196 0.729 
105    5637D    (0)   205 :  0.325 0.640 0.036 
106    5637E    (0)   205 :  0.369 0.606 0.025 
107    5912A    (0)   286 :  0.045 0.010 0.945 
108    5912B    (0)   286 :  0.013 0.008 0.978 
109    5912C    (0)   286 :  0.011 0.453 0.536 
110    5912D    (0)   286 :  0.032 0.911 0.057 
111    5954B    (0)   286 :  0.008 0.981 0.011 
112    5954C    (0)   286 :  0.022 0.965 0.013 
113    5954D    (0)   286 :  0.041 0.945 0.013 
114    5954E    (0)   286 :  0.007 0.983 0.010 
115    6136A    (0)   29 :  0.084 0.012 0.904 
116    6136B    (0)   29 :  0.956 0.012 0.032 
117    6136C    (0)   29 :  0.240 0.313 0.446 
118    6337A    (0)   328 :  0.378 0.050 0.572 
119    6337B    (0)   328 :  0.012 0.008 0.980 
120    6337C    (0)   328 :  0.046 0.010 0.944 
121    6337D    (0)   328 :  0.638 0.151 0.212 
122    6337E    (0)   328 :  0.916 0.019 0.065 
123    6382C    (0)   122 :  0.022 0.009 0.970 
124    6382E    (0)   122 :  0.026 0.012 0.962 
125    6382F    (0)   122 :  0.077 0.870 0.053 
126    6382G    (0)   122 :  0.897 0.021 0.081 
127    6514C    (0)   62 :  0.067 0.038 0.896 
128    6514E    (0)   62 :  0.022 0.022 0.956 
129    6514F    (0)   62 :  0.030 0.010 0.960 
130    6514G    (0)   62 :  0.016 0.647 0.338 
131    6514H    (0)   62 :  0.919 0.043 0.038 
132    6546B    (0)   328 :  0.198 0.355 0.447 
133    6546C    (0)   328 :  0.608 0.290 0.102 
134    6706A    (0)   193 :  0.203 0.544 0.253 
135    6706B    (0)   193 :  0.058 0.727 0.215 
136    6723B    (0)   22 :  0.010 0.982 0.008 


Estimated Allele Frequencies in each cluster
First column gives estimated ancestral frequencies


Locus 1 : 
9 alleles
0.0% missing data
 148   (0.574) 0.746 0.579 0.721 
 146   (0.141) 0.104 0.101 0.156 
 147   (0.101) 0.057 0.081 0.089 
   0   (0.035) 0.012 0.176 0.003 
 142   (0.041) 0.022 0.003 0.014 
 137   (0.026) 0.005 0.002 0.008 
 161   (0.031) 0.033 0.018 0.003 
 172   (0.026) 0.017 0.002 0.002 
 151   (0.025) 0.004 0.038 0.002 

Locus 2 : 
17 alleles
0.0% missing data
 197   (0.205) 0.334 0.135 0.351 
 205   (0.083) 0.037 0.111 0.127 
 199   (0.084) 0.073 0.114 0.057 
 201   (0.133) 0.183 0.177 0.152 
 203   (0.063) 0.117 0.015 0.046 
 213   (0.039) 0.009 0.004 0.055 
 227   (0.043) 0.071 0.013 0.012 
 221   (0.038) 0.014 0.005 0.028 
 211   (0.068) 0.084 0.007 0.053 
 215   (0.026) 0.004 0.002 0.026 
   0   (0.031) 0.007 0.299 0.003 
 217   (0.036) 0.013 0.004 0.035 
 191   (0.040) 0.014 0.021 0.023 
 193   (0.043) 0.009 0.078 0.020 
 219   (0.024) 0.006 0.002 0.007 
 241   (0.022) 0.011 0.009 0.002 
 207   (0.023) 0.014 0.003 0.002 

Locus 3 : 
10 alleles
0.0% missing data
 201   (0.218) 0.234 0.044 0.324 
 207   (0.279) 0.289 0.142 0.349 
 204   (0.205) 0.295 0.040 0.204 
   0   (0.040) 0.009 0.662 0.004 
 210   (0.109) 0.108 0.031 0.088 
 219   (0.030) 0.019 0.018 0.003 
 198   (0.030) 0.005 0.003 0.014 
 213   (0.029) 0.022 0.014 0.003 
 216   (0.028) 0.004 0.041 0.002 
 189   (0.031) 0.016 0.004 0.009 

Locus 4 : 
13 alleles
0.0% missing data
 138   (0.106) 0.176 0.026 0.112 
 140   (0.136) 0.195 0.027 0.226 
 132   (0.126) 0.085 0.218 0.162 
 154   (0.023) 0.004 0.002 0.008 
 142   (0.123) 0.137 0.101 0.131 
 134   (0.057) 0.018 0.137 0.030 
 128   (0.053) 0.043 0.063 0.017 
   0   (0.102) 0.170 0.370 0.034 
 136   (0.096) 0.086 0.020 0.130 
 144   (0.063) 0.059 0.008 0.052 
 146   (0.030) 0.006 0.003 0.020 
 152   (0.037) 0.009 0.008 0.024 
 130   (0.048) 0.012 0.018 0.056 

Locus 5 : 
10 alleles
0.0% missing data
 257   (0.294) 0.200 0.216 0.491 
 271   (0.056) 0.012 0.014 0.053 
 259   (0.283) 0.303 0.174 0.338 
   0   (0.091) 0.196 0.539 0.012 
 261   (0.083) 0.167 0.018 0.027 
 263   (0.031) 0.030 0.003 0.003 
 269   (0.037) 0.007 0.011 0.024 
 273   (0.075) 0.077 0.021 0.036 
 265   (0.026) 0.005 0.002 0.008 
 267   (0.025) 0.005 0.002 0.008 

Locus 6 : 
16 alleles
0.0% missing data
 147   (0.143) 0.200 0.233 0.193 
 141   (0.105) 0.168 0.072 0.129 
 149   (0.098) 0.106 0.094 0.104 
 159   (0.062) 0.126 0.006 0.051 
 137   (0.083) 0.101 0.027 0.101 
 139   (0.036) 0.013 0.004 0.035 
 161   (0.068) 0.075 0.046 0.051 
 151   (0.062) 0.019 0.072 0.092 
 153   (0.073) 0.052 0.079 0.071 
 165   (0.054) 0.058 0.020 0.035 
 145   (0.053) 0.016 0.051 0.069 
 135   (0.019) 0.004 0.017 0.002 
 157   (0.044) 0.030 0.004 0.035 
   0   (0.028) 0.006 0.180 0.004 
 143   (0.042) 0.010 0.086 0.023 
 155   (0.029) 0.015 0.009 0.007 

Locus 7 : 
5 alleles
0.0% missing data
 138   (0.672) 0.781 0.702 0.802 
 144   (0.099) 0.085 0.047 0.052 
 132   (0.160) 0.113 0.156 0.133 
   0   (0.043) 0.017 0.075 0.011 
 135   (0.026) 0.004 0.020 0.002 

Locus 8 : 
13 alleles
0.0% missing data
 276   (0.059) 0.037 0.006 0.057 
 286   (0.101) 0.074 0.010 0.154 
 278   (0.151) 0.169 0.033 0.255 
 270   (0.039) 0.052 0.003 0.007 
 280   (0.177) 0.260 0.040 0.230 
 266   (0.054) 0.024 0.004 0.045 
   0   (0.069) 0.066 0.836 0.019 
 282   (0.125) 0.138 0.026 0.148 
 274   (0.040) 0.025 0.003 0.013 
 290   (0.050) 0.067 0.017 0.009 
 284   (0.050) 0.017 0.015 0.026 
 288   (0.054) 0.063 0.005 0.022 
 272   (0.031) 0.006 0.002 0.015 

Locus 9 : 
16 alleles
0.0% missing data
 146   (0.272) 0.444 0.429 0.490 
 178   (0.048) 0.017 0.011 0.027 
 170   (0.064) 0.066 0.039 0.027 
 166   (0.058) 0.024 0.020 0.082 
 172   (0.060) 0.069 0.007 0.048 
 168   (0.085) 0.148 0.023 0.063 
 162   (0.024) 0.005 0.004 0.012 
 148   (0.075) 0.036 0.215 0.057 
 160   (0.064) 0.039 0.013 0.096 
 174   (0.041) 0.016 0.003 0.028 
 158   (0.044) 0.052 0.006 0.018 
   0   (0.037) 0.026 0.153 0.004 
 154   (0.054) 0.030 0.055 0.025 
 164   (0.021) 0.005 0.002 0.007 
 180   (0.022) 0.011 0.009 0.002 
 142   (0.031) 0.012 0.011 0.014 

Locus 10 : 
8 alleles
0.0% missing data
 158   (0.684) 0.737 0.668 0.864 
 160   (0.116) 0.131 0.015 0.110 
 154   (0.040) 0.034 0.003 0.008 
 156   (0.027) 0.004 0.055 0.002 
 152   (0.037) 0.050 0.013 0.003 
   0   (0.041) 0.014 0.240 0.005 
 144   (0.027) 0.013 0.004 0.004 
 162   (0.028) 0.016 0.002 0.003 

Locus 11 : 
15 alleles
0.0% missing data
 214   (0.126) 0.072 0.050 0.140 
 220   (0.091) 0.048 0.007 0.171 
 210   (0.068) 0.029 0.007 0.104 
 218   (0.181) 0.196 0.014 0.351 
 192   (0.024) 0.017 0.002 0.002 
 194   (0.026) 0.017 0.002 0.002 
 212   (0.046) 0.022 0.012 0.024 
   0   (0.127) 0.368 0.851 0.021 
 222   (0.093) 0.106 0.012 0.078 
 224   (0.038) 0.015 0.008 0.009 
 216   (0.066) 0.021 0.014 0.081 
 200   (0.027) 0.012 0.008 0.002 
 204   (0.026) 0.012 0.009 0.002 
 188   (0.035) 0.059 0.002 0.003 
 208   (0.027) 0.005 0.002 0.008 

Locus 12 : 
18 alleles
0.0% missing data
 144   (0.042) 0.007 0.050 0.024 
 162   (0.038) 0.008 0.014 0.040 
 170   (0.035) 0.008 0.003 0.043 
   0   (0.085) 0.491 0.237 0.014 
 148   (0.080) 0.040 0.099 0.089 
 142   (0.076) 0.038 0.045 0.105 
 154   (0.032) 0.008 0.006 0.041 
 146   (0.240) 0.235 0.357 0.388 
 164   (0.037) 0.007 0.003 0.055 
 168   (0.035) 0.016 0.003 0.022 
 156   (0.066) 0.065 0.014 0.065 
 172   (0.044) 0.017 0.022 0.028 
 166   (0.050) 0.018 0.015 0.055 
 158   (0.039) 0.016 0.046 0.010 
 150   (0.022) 0.006 0.010 0.004 
 174   (0.024) 0.011 0.010 0.002 
 182   (0.022) 0.004 0.002 0.008 
 160   (0.032) 0.006 0.064 0.007 

Locus 13 : 
16 alleles
0.0% missing data
 285   (0.186) 0.097 0.102 0.329 
 291   (0.105) 0.053 0.019 0.140 
 289   (0.080) 0.018 0.007 0.231 
   0   (0.160) 0.607 0.715 0.021 
 277   (0.041) 0.007 0.005 0.032 
 273   (0.053) 0.022 0.006 0.074 
 293   (0.052) 0.096 0.005 0.011 
 287   (0.051) 0.012 0.025 0.043 
 295   (0.038) 0.009 0.003 0.049 
 301   (0.027) 0.008 0.004 0.006 
 303   (0.041) 0.013 0.019 0.013 
 279   (0.046) 0.022 0.005 0.015 
 181   (0.027) 0.008 0.002 0.006 
 283   (0.030) 0.009 0.072 0.003 
 281   (0.023) 0.005 0.002 0.007 
 297   (0.039) 0.014 0.008 0.021 

Values of parameters used in structure:
DATAFILE=bws18_structure.txt,	OUTFILE=bws18_structurek3_3_results,	NUMINDS=136,	NUMLOCI=13,	MISSING=-9,	LABEL=1,	POPDATA=1,	POPFLAG=0,	PHENOTYPE=0,	EXTRACOLS=0,	MAXPOPS=3,	BURNIN=10000,	NUMREPS=20000,	USEPOPINFO=0,	INFERALPHA=1,	INFERLAMBDA=0,	POPSPECIFICLAMBDA=0,	POPALPHAS=0,	COMPUTEPROB=1,	NOADMIX=0,	ADMBURNIN=500,	UPDATEFREQ=100,	PRINTLIKES=0,	INTERMEDSAVE=0,	PRINTKLD=0,	PRINTNET=1,	PRINTLAMBDA=1,	ANCESTDIST=0,	NUMBOXES=1000,	ANCESTPINT=0.90000,	GENSBACK=2,	MIGRPRIOR=0.01000,	PRINTQHAT=0,	PRINTQSUM=1,	ALPHA=1.0000,	FREQSCORR=1,	FPRIORMEAN=0.0100,	FPRIORSD=0.0500,	ONEFST=0,	LAMBDA=1.0000,	UNIFPRIORALPHA=1,	ALPHAMAX=10.0000,	ALPHAPRIORA=1.0000,	ALPHAPRIORB=2.0000,	ALPHAPROPSD=0.0250,	STARTATPOPINFO=0,	RANDOMIZE=1,	LINKAGE=0,	METROFREQ=10,	REPORTHITRATE=0,	MARKOVPHASE=0,	PHASED=0,	PLOIDY=2,	PHASEINFO=0	LOCPRIOR=0, 	LOCPRIORINIT=1.000000, 	LOCDATA=0, 	LOCISPOP=1, 	LOCPRIORSTEP=0.100000, 	MAXLOCPRIOR=20.000000, 	SEED=1682095902,	
[STRAT parameters]:    NUMSIMSTATS=1000,	PHENOTYPECOL=-9,	POOLFREQ=10,	LOCUSxONLY=0,	EMERROR=0.00100,	MISSINGPHENO=-9,	