

----------------------------------------------------
STRUCTURE by Pritchard, Stephens and Donnelly (2000)
     and Falush, Stephens and Pritchard (2003)
       Code by Pritchard, Falush and Hubisz
             Version 2.3.4 (Jul 2012)
----------------------------------------------------



Command line arguments:   ./structure -m mainparams_bws18_k3_3 
Input File:    bws18_structure.txt

Run parameters:
   141 individuals
   13 loci
   3 populations assumed
   10000 Burn-in period
   20000 Reps


--------------------------------------------
Proportion of membership of each pre-defined
 population in each of the 3 clusters

Given    Inferred Clusters       Number of
 Pop       1      2      3      Individuals

 17:     0.348  0.271  0.381       18
 22:     0.318  0.409  0.273       11
 29:     0.318  0.376  0.306       14
 62:     0.263  0.392  0.345       20
122:     0.468  0.258  0.275       14
193:     0.268  0.417  0.315       14
205:     0.301  0.396  0.303       21
286:     0.322  0.344  0.334       14
328:     0.326  0.285  0.389       15
--------------------------------------------

Allele-freq. divergence among pops (Net nucleotide distance),
computed using point estimates of P.

      1       2       3      
 1      -    0.0035  0.0059  
 2   0.0035     -    0.0073  
 3   0.0059  0.0073     -    

Average distances (expected heterozygosity) between individuals in same cluster:
cluster  1  : 0.7205 
cluster  2  : 0.6774 
cluster  3  : 0.6913 

--------------------------------------------
Estimated Ln Prob of Data   = -5486.7
Mean value of ln likelihood = -5032.9
Variance of ln likelihood   = 907.5
Mean value of alpha         = 0.1362

Mean value of Fst_1         = 0.0239
Mean value of Fst_2         = 0.0591
Mean value of Fst_3         = 0.0481


Inferred ancestry of individuals:
        Label (%Miss) Pop:  Inferred clusters
  1    0079C    (0)   17 :  0.679 0.140 0.181 
  2    0079D    (0)   17 :  0.383 0.342 0.275 
  3    0079E   (23)   17 :  0.386 0.109 0.506 
  4    0079G    (0)   17 :  0.477 0.255 0.267 
  5    0082A    (0)   17 :  0.226 0.150 0.625 
  6    0082B    (0)   17 :  0.097 0.198 0.705 
  7    0082C   (15)   17 :  0.215 0.406 0.379 
  8    0082D   (23)   17 :  0.266 0.554 0.180 
  9    0121B   (38)   22 :  0.193 0.235 0.572 
 10    0121C    (0)   22 :  0.332 0.558 0.110 
 11    0147A   (38)   29 :  0.324 0.254 0.422 
 12    0147B    (7)   29 :  0.273 0.657 0.070 
 13    0147D   (30)   29 :  0.292 0.610 0.099 
 14    0167A    (0)   17 :  0.481 0.275 0.244 
 15    0167B    (0)   17 :  0.294 0.184 0.522 
 16    0167C    (0)   17 :  0.144 0.165 0.691 
 17    0309A    (0)   62 :  0.163 0.428 0.409 
 18    0309C    (0)   62 :  0.435 0.359 0.206 
 19    0309D   (30)   62 :  0.214 0.389 0.396 
 20    0309E   (15)   62 :  0.315 0.280 0.405 
 21    0625A    (7)   122 :  0.178 0.451 0.370 
 22    0625B    (0)   122 :  0.308 0.223 0.469 
 23    0625C    (0)   122 :  0.596 0.176 0.228 
 24    0625D    (0)   122 :  0.426 0.341 0.233 
 25    1029C   (23)   193 :  0.236 0.700 0.064 
 26    1029D   (30)   193 :  0.254 0.631 0.114 
 27    1029G   (46)   193 :  0.248 0.217 0.535 
 28    1187A    (0)   29 :  0.251 0.709 0.040 
 29    1187B    (0)   29 :  0.377 0.251 0.372 
 30    1187C    (0)   29 :  0.239 0.704 0.057 
 31    1187D   (15)   29 :  0.374 0.318 0.308 
 32    1187E    (0)   29 :  0.052 0.157 0.791 
 33    1314A   (15)   193 :  0.145 0.302 0.553 
 34    1314B   (15)   193 :  0.162 0.394 0.444 
 35    1314C    (0)   193 :  0.235 0.463 0.301 
 36    1314D    (0)   193 :  0.264 0.604 0.132 
 37    1314E    (7)   193 :  0.125 0.247 0.628 
 38    1319A    (0)   62 :  0.135 0.230 0.635 
 39    1319B    (7)   62 :  0.145 0.348 0.507 
 40    1600A    (0)   29 :  0.255 0.262 0.483 
 41    1600B    (0)   29 :  0.320 0.273 0.407 
 42    1600C    (7)   29 :  0.254 0.604 0.143 
 43    1630A    (7)   193 :  0.306 0.576 0.118 
 44    1630B   (15)   193 :  0.238 0.400 0.362 
 45    1630C   (46)   193 :  0.268 0.505 0.227 
 46    1711A    (7)   286 :  0.090 0.195 0.715 
 47    1711B    (0)   286 :  0.153 0.191 0.656 
 48    1711C   (46)   286 :  0.237 0.384 0.379 
 49    1711D   (23)   286 :  0.350 0.425 0.225 
 50    1711E   (30)   286 :  0.289 0.564 0.147 
 51    1715A    (0)   205 :  0.259 0.594 0.147 
 52    1715B    (0)   205 :  0.245 0.651 0.104 
 53    1715C    (0)   205 :  0.325 0.502 0.173 
 54    1715D    (0)   205 :  0.317 0.283 0.400 
 55    1715E    (0)   205 :  0.239 0.657 0.103 
 56    1726A    (0)   205 :  0.244 0.634 0.122 
 57    1726B   (23)   205 :  0.257 0.351 0.392 
 58    1783A   (46)   205 :  0.384 0.487 0.129 
 59    1783B    (0)   205 :  0.243 0.632 0.125 
 60    1783C    (0)   205 :  0.222 0.577 0.200 
 61    1783D    (0)   205 :  0.234 0.692 0.074 
 62    1783E    (0)   205 :  0.681 0.089 0.230 
 63    2008C    (0)   62 :  0.221 0.680 0.098 
 64    2008D    (0)   62 :  0.402 0.229 0.369 
 65    2008E    (7)   62 :  0.187 0.539 0.275 
 66    2008F   (38)   62 :  0.215 0.367 0.418 
 67    2008G    (7)   62 :  0.290 0.549 0.161 
 68    2008H    (0)   62 :  0.242 0.328 0.429 
 69    2033A   (23)   328 :  0.325 0.402 0.272 
 70    2159A    (0)   328 :  0.197 0.233 0.569 
 71    2159B    (0)   328 :  0.384 0.244 0.372 
 72    2159C    (0)   328 :  0.572 0.263 0.165 
 73    2159D    (0)   328 :  0.385 0.236 0.379 
 74    2159E    (0)   328 :  0.179 0.454 0.367 
 75    2341B    (7)   62 :  0.067 0.202 0.731 
 76    2341C    (0)   62 :  0.475 0.435 0.091 
 77    2351A    (0)   62 :  0.283 0.171 0.545 
 78    2366A   (46)   122 :  0.379 0.278 0.343 
 79    2366B   (46)   122 :  0.449 0.324 0.227 
 80    2366C    (0)   122 :  0.588 0.306 0.106 
 81    2366D    (0)   122 :  0.647 0.081 0.272 
 82    2409A   (15)   122 :  0.077 0.178 0.745 
 83    2423C    (0)   205 :  0.282 0.448 0.270 
 84    2423D    (7)   205 :  0.342 0.302 0.357 
 85    2423E   (30)   205 :  0.637 0.083 0.279 
 86    2856A   (23)   22 :  0.303 0.571 0.126 
 87    2856B    (7)   22 :  0.478 0.375 0.147 
 88    2856C    (7)   22 :  0.116 0.214 0.670 
 89    2856E   (23)   22 :  0.163 0.249 0.588 
 90    3026A    (0)   17 :  0.360 0.521 0.118 
 91    3026B   (15)   17 :  0.335 0.212 0.454 
 92    3253A    (0)   205 :  0.534 0.286 0.180 
 93    3280A    (0)   328 :  0.169 0.392 0.439 
 94    3280B    (0)   328 :  0.511 0.159 0.330 
 95    3760C   (23)   122 :  0.795 0.015 0.190 
 96    4249A    (0)   193 :  0.380 0.247 0.373 
 97    4316A    (7)   17 :  0.424 0.190 0.386 
 98    4316B    (0)   17 :  0.429 0.251 0.319 
 99    4316C   (15)   17 :  0.443 0.268 0.288 
100    4316D   (15)   17 :  0.254 0.512 0.234 
101    4316E   (15)   17 :  0.374 0.149 0.478 
102    5597A   (23)   22 :  0.575 0.266 0.159 
103    5597B    (0)   22 :  0.267 0.620 0.114 
104    5597C    (0)   22 :  0.270 0.546 0.184 
105    5597D   (23)   22 :  0.229 0.625 0.145 
106    5637A    (0)   205 :  0.074 0.165 0.760 
107    5637C    (7)   205 :  0.414 0.337 0.249 
108    5637D   (38)   205 :  0.193 0.232 0.575 
109    5637E   (46)   205 :  0.120 0.158 0.722 
110    5637G   (46)   205 :  0.080 0.158 0.763 
111    5912A    (0)   286 :  0.390 0.097 0.513 
112    5912B    (0)   286 :  0.243 0.673 0.084 
113    5912C   (30)   286 :  0.239 0.141 0.619 
114    5912D   (30)   286 :  0.518 0.238 0.245 
115    5912E   (15)   286 :  0.301 0.578 0.121 
116    5954B   (38)   286 :  0.722 0.098 0.180 
117    5954C   (46)   286 :  0.126 0.274 0.600 
118    5954D   (46)   286 :  0.298 0.647 0.055 
119    5954E   (53)   286 :  0.552 0.308 0.140 
120    6136A    (0)   29 :  0.146 0.198 0.655 
121    6136B    (7)   29 :  0.654 0.058 0.288 
122    6136C   (15)   29 :  0.644 0.213 0.143 
123    6337A    (7)   328 :  0.174 0.219 0.607 
124    6337B    (0)   328 :  0.158 0.332 0.510 
125    6337C    (0)   328 :  0.153 0.191 0.656 
126    6337D   (15)   328 :  0.268 0.340 0.391 
127    6337E    (7)   328 :  0.491 0.152 0.357 
128    6382C    (0)   122 :  0.398 0.464 0.137 
129    6382E    (0)   122 :  0.615 0.214 0.171 
130    6382F   (46)   122 :  0.643 0.214 0.144 
131    6382G   (15)   122 :  0.446 0.340 0.214 
132    6514C    (0)   62 :  0.271 0.523 0.206 
133    6514E    (0)   62 :  0.260 0.546 0.193 
134    6514F    (0)   62 :  0.311 0.327 0.363 
135    6514G   (30)   62 :  0.293 0.606 0.100 
136    6514H   (15)   62 :  0.332 0.300 0.367 
137    6546B   (23)   328 :  0.601 0.130 0.269 
138    6546C   (30)   328 :  0.329 0.523 0.148 
139    6706A   (23)   193 :  0.328 0.270 0.403 
140    6706B   (30)   193 :  0.560 0.287 0.153 
141    6723B   (46)   22 :  0.571 0.240 0.189 


Estimated Allele Frequencies in each cluster
First column gives estimated ancestral frequencies


Locus 1 : 
8 alleles
3.5% missing data
 148   (0.678) 0.717 0.781 0.683 
 146   (0.129) 0.118 0.128 0.175 
 147   (0.095) 0.089 0.056 0.103 
 142   (0.023) 0.018 0.015 0.009 
 137   (0.015) 0.009 0.004 0.007 
 161   (0.025) 0.024 0.004 0.010 
 172   (0.016) 0.009 0.004 0.008 
 151   (0.019) 0.016 0.008 0.006 

Locus 2 : 
16 alleles
5.7% missing data
 197   (0.285) 0.309 0.313 0.334 
 205   (0.106) 0.116 0.115 0.090 
 199   (0.073) 0.086 0.083 0.044 
 201   (0.156) 0.167 0.174 0.171 
 203   (0.054) 0.044 0.033 0.122 
 213   (0.041) 0.033 0.036 0.040 
 227   (0.040) 0.032 0.027 0.039 
 221   (0.033) 0.027 0.024 0.025 
 211   (0.053) 0.058 0.076 0.037 
 215   (0.024) 0.015 0.009 0.030 
 217   (0.029) 0.022 0.033 0.021 
 193   (0.037) 0.039 0.040 0.016 
 191   (0.027) 0.022 0.026 0.015 
 219   (0.015) 0.010 0.003 0.006 
 241   (0.013) 0.011 0.002 0.004 
 207   (0.015) 0.009 0.004 0.006 

Locus 3 : 
9 alleles
12.8% missing data
 201   (0.263) 0.286 0.335 0.247 
 207   (0.343) 0.375 0.348 0.302 
 204   (0.196) 0.180 0.197 0.285 
 210   (0.098) 0.087 0.078 0.112 
 219   (0.018) 0.012 0.010 0.013 
 198   (0.022) 0.017 0.006 0.011 
 213   (0.019) 0.013 0.013 0.007 
 216   (0.020) 0.019 0.005 0.007 
 189   (0.019) 0.011 0.007 0.016 

Locus 4 : 
12 alleles
12.8% missing data
 138   (0.131) 0.134 0.133 0.119 
 140   (0.198) 0.189 0.156 0.286 
 132   (0.184) 0.197 0.159 0.157 
 154   (0.015) 0.010 0.004 0.006 
 142   (0.118) 0.117 0.159 0.166 
 134   (0.053) 0.056 0.059 0.038 
 128   (0.037) 0.029 0.035 0.040 
 136   (0.101) 0.116 0.149 0.069 
 144   (0.063) 0.060 0.036 0.055 
 146   (0.026) 0.020 0.010 0.018 
 152   (0.033) 0.027 0.020 0.024 
 130   (0.041) 0.044 0.079 0.022 

Locus 5 : 
9 alleles
16.3% missing data
 257   (0.426) 0.446 0.445 0.468 
 271   (0.055) 0.055 0.034 0.032 
 259   (0.292) 0.301 0.404 0.318 
 261   (0.077) 0.072 0.051 0.086 
 263   (0.022) 0.014 0.008 0.014 
 269   (0.028) 0.019 0.009 0.032 
 273   (0.068) 0.072 0.041 0.033 
 265   (0.016) 0.012 0.003 0.006 
 267   (0.016) 0.009 0.004 0.011 

Locus 6 : 
15 alleles
4.3% missing data
 147   (0.183) 0.187 0.201 0.250 
 141   (0.114) 0.118 0.145 0.128 
 149   (0.099) 0.102 0.120 0.096 
 159   (0.068) 0.058 0.039 0.095 
 137   (0.086) 0.078 0.063 0.125 
 139   (0.037) 0.035 0.012 0.025 
 161   (0.047) 0.057 0.093 0.022 
 151   (0.062) 0.076 0.105 0.034 
 153   (0.076) 0.083 0.068 0.048 
 165   (0.051) 0.051 0.044 0.033 
 145   (0.063) 0.058 0.060 0.062 
 135   (0.015) 0.008 0.004 0.008 
 157   (0.035) 0.026 0.018 0.043 
 143   (0.043) 0.047 0.023 0.021 
 155   (0.021) 0.016 0.005 0.010 

Locus 7 : 
4 alleles
2.1% missing data
 138   (0.762) 0.761 0.780 0.859 
 144   (0.067) 0.069 0.078 0.034 
 132   (0.156) 0.160 0.137 0.101 
 135   (0.016) 0.010 0.004 0.005 

Locus 8 : 
12 alleles
20.6% missing data
 276   (0.071) 0.074 0.064 0.043 
 286   (0.136) 0.139 0.092 0.148 
 278   (0.199) 0.230 0.310 0.186 
 270   (0.030) 0.022 0.011 0.029 
 280   (0.211) 0.201 0.227 0.303 
 266   (0.038) 0.025 0.027 0.064 
 282   (0.151) 0.154 0.143 0.136 
 274   (0.031) 0.026 0.026 0.014 
 290   (0.028) 0.028 0.044 0.013 
 284   (0.037) 0.036 0.019 0.018 
 288   (0.045) 0.046 0.027 0.037 
 272   (0.023) 0.019 0.009 0.008 

Locus 9 : 
15 alleles
3.5% missing data
 146   (0.409) 0.470 0.520 0.461 
 178   (0.030) 0.032 0.009 0.017 
 170   (0.049) 0.048 0.028 0.038 
 166   (0.058) 0.053 0.062 0.053 
 172   (0.050) 0.050 0.068 0.031 
 168   (0.072) 0.061 0.081 0.102 
 162   (0.018) 0.012 0.007 0.012 
 148   (0.076) 0.070 0.081 0.105 
 160   (0.073) 0.069 0.052 0.088 
 174   (0.033) 0.029 0.015 0.018 
 158   (0.032) 0.025 0.028 0.022 
 154   (0.042) 0.039 0.027 0.030 
 164   (0.015) 0.009 0.006 0.005 
 180   (0.014) 0.011 0.002 0.005 
 142   (0.029) 0.023 0.013 0.017 

Locus 10 : 
7 alleles
5.0% missing data
 158   (0.762) 0.793 0.885 0.827 
 160   (0.127) 0.119 0.074 0.126 
 154   (0.025) 0.019 0.016 0.010 
 156   (0.024) 0.020 0.010 0.011 
 152   (0.029) 0.030 0.005 0.013 
 144   (0.016) 0.009 0.005 0.007 
 162   (0.017) 0.010 0.005 0.005 

Locus 11 : 
14 alleles
29.1% missing data
 214   (0.153) 0.178 0.125 0.110 
 220   (0.153) 0.158 0.150 0.153 
 210   (0.092) 0.094 0.104 0.072 
 218   (0.254) 0.262 0.359 0.390 
 192   (0.017) 0.011 0.004 0.010 
 194   (0.016) 0.011 0.004 0.009 
 212   (0.038) 0.032 0.027 0.027 
 222   (0.087) 0.085 0.115 0.101 
 224   (0.022) 0.013 0.008 0.020 
 216   (0.082) 0.082 0.078 0.069 
 200   (0.018) 0.014 0.004 0.006 
 204   (0.018) 0.015 0.004 0.006 
 188   (0.032) 0.032 0.010 0.021 
 208   (0.017) 0.012 0.008 0.006 

Locus 12 : 
17 alleles
18.4% missing data
 144   (0.038) 0.040 0.019 0.024 
 162   (0.042) 0.048 0.019 0.023 
 170   (0.038) 0.031 0.038 0.031 
 148   (0.080) 0.073 0.113 0.135 
 142   (0.071) 0.063 0.087 0.126 
 154   (0.041) 0.037 0.043 0.033 
 146   (0.354) 0.407 0.426 0.389 
 164   (0.046) 0.045 0.048 0.029 
 168   (0.030) 0.025 0.015 0.018 
 156   (0.066) 0.062 0.070 0.077 
 172   (0.037) 0.030 0.031 0.027 
 166   (0.053) 0.052 0.042 0.043 
 158   (0.030) 0.030 0.011 0.015 
 150   (0.015) 0.009 0.006 0.006 
 174   (0.016) 0.012 0.003 0.006 
 182   (0.015) 0.010 0.005 0.007 
 160   (0.027) 0.026 0.022 0.012 

Locus 13 : 
15 alleles
31.2% missing data
 285   (0.279) 0.287 0.339 0.330 
 291   (0.120) 0.149 0.201 0.074 
 289   (0.187) 0.191 0.173 0.219 
 277   (0.042) 0.042 0.039 0.021 
 273   (0.051) 0.038 0.047 0.114 
 293   (0.049) 0.049 0.024 0.053 
 287   (0.054) 0.045 0.040 0.077 
 295   (0.045) 0.046 0.058 0.023 
 301   (0.016) 0.011 0.009 0.006 
 303   (0.027) 0.020 0.019 0.017 
 279   (0.027) 0.027 0.013 0.012 
 181   (0.018) 0.010 0.006 0.013 
 283   (0.033) 0.038 0.008 0.014 
 281   (0.018) 0.012 0.010 0.007 
 297   (0.035) 0.035 0.014 0.019 

Values of parameters used in structure:
DATAFILE=bws18_structure.txt,	OUTFILE=bws18_structurek3_3_results,	NUMINDS=141,	NUMLOCI=13,	MISSING=-9,	LABEL=1,	POPDATA=1,	POPFLAG=0,	PHENOTYPE=0,	EXTRACOLS=0,	MAXPOPS=3,	BURNIN=10000,	NUMREPS=20000,	USEPOPINFO=0,	INFERALPHA=1,	INFERLAMBDA=0,	POPSPECIFICLAMBDA=0,	POPALPHAS=0,	COMPUTEPROB=1,	NOADMIX=0,	ADMBURNIN=500,	UPDATEFREQ=100,	PRINTLIKES=0,	INTERMEDSAVE=0,	PRINTKLD=0,	PRINTNET=1,	PRINTLAMBDA=1,	ANCESTDIST=0,	NUMBOXES=1000,	ANCESTPINT=0.90000,	GENSBACK=2,	MIGRPRIOR=0.01000,	PRINTQHAT=0,	PRINTQSUM=1,	ALPHA=1.0000,	FREQSCORR=1,	FPRIORMEAN=0.0100,	FPRIORSD=0.0500,	ONEFST=0,	LAMBDA=1.0000,	UNIFPRIORALPHA=1,	ALPHAMAX=10.0000,	ALPHAPRIORA=1.0000,	ALPHAPRIORB=2.0000,	ALPHAPROPSD=0.0250,	STARTATPOPINFO=0,	RANDOMIZE=1,	LINKAGE=0,	METROFREQ=10,	REPORTHITRATE=0,	MARKOVPHASE=0,	PHASED=0,	PLOIDY=2,	PHASEINFO=0	LOCPRIOR=0, 	LOCPRIORINIT=1.000000, 	LOCDATA=0, 	LOCISPOP=1, 	LOCPRIORSTEP=0.100000, 	MAXLOCPRIOR=20.000000, 	SEED=1680179478,	
[STRAT parameters]:    NUMSIMSTATS=1000,	PHENOTYPECOL=-9,	POOLFREQ=10,	LOCUSxONLY=0,	EMERROR=0.00100,	MISSINGPHENO=-9,	