

----------------------------------------------------
STRUCTURE by Pritchard, Stephens and Donnelly (2000)
     and Falush, Stephens and Pritchard (2003)
       Code by Pritchard, Falush and Hubisz
             Version 2.3.4 (Jul 2012)
----------------------------------------------------



Command line arguments:   ./structure -m mainparams_bws18_k6_3 
Input File:    bws18_structure.txt

Run parameters:
   141 individuals
   13 loci
   6 populations assumed
   10000 Burn-in period
   20000 Reps


--------------------------------------------
Proportion of membership of each pre-defined
 population in each of the 6 clusters

Given    Inferred Clusters                            Number of
 Pop       1      2      3      4      5      6      Individuals

 17:     0.112  0.162  0.180  0.082  0.258  0.206       18
 22:     0.263  0.175  0.157  0.052  0.173  0.181       11
 29:     0.219  0.148  0.129  0.104  0.200  0.200       14
 62:     0.168  0.200  0.184  0.169  0.130  0.149       20
122:     0.138  0.180  0.107  0.091  0.301  0.183       14
193:     0.230  0.126  0.112  0.221  0.142  0.168       14
205:     0.313  0.138  0.146  0.066  0.136  0.201       21
286:     0.227  0.141  0.235  0.134  0.141  0.123       14
328:     0.100  0.157  0.190  0.305  0.129  0.119       15
--------------------------------------------

Allele-freq. divergence among pops (Net nucleotide distance),
computed using point estimates of P.

      1       2       3       4       5       6      
 1      -    0.0127  0.0261  0.0339  0.0097  0.0089  
 2   0.0127     -    0.0098  0.0306  0.0043  0.0026  
 3   0.0261  0.0098     -    0.0376  0.0134  0.0125  
 4   0.0339  0.0306  0.0376     -    0.0255  0.0273  
 5   0.0097  0.0043  0.0134  0.0255     -    0.0026  
 6   0.0089  0.0026  0.0125  0.0273  0.0026     -    

Average distances (expected heterozygosity) between individuals in same cluster:
cluster  1  : 0.6710 
cluster  2  : 0.6877 
cluster  3  : 0.6726 
cluster  4  : 0.6346 
cluster  5  : 0.7369 
cluster  6  : 0.6930 

--------------------------------------------
Estimated Ln Prob of Data   = -5361.0
Mean value of ln likelihood = -4820.6
Variance of ln likelihood   = 1080.6
Mean value of alpha         = 0.0677

Mean value of Fst_1         = 0.0784
Mean value of Fst_2         = 0.0847
Mean value of Fst_3         = 0.1026
Mean value of Fst_4         = 0.1418
Mean value of Fst_5         = 0.0040
Mean value of Fst_6         = 0.0707


Inferred ancestry of individuals:
        Label (%Miss) Pop:  Inferred clusters
  1    0079C    (0)   17 :  0.103 0.192 0.035 0.144 0.329 0.196 
  2    0079D    (0)   17 :  0.130 0.295 0.087 0.031 0.134 0.323 
  3    0079E   (23)   17 :  0.055 0.089 0.192 0.032 0.465 0.166 
  4    0079G    (0)   17 :  0.188 0.135 0.073 0.124 0.318 0.161 
  5    0082A    (0)   17 :  0.040 0.097 0.435 0.031 0.183 0.214 
  6    0082B    (0)   17 :  0.020 0.198 0.716 0.015 0.026 0.025 
  7    0082C   (15)   17 :  0.131 0.036 0.051 0.643 0.066 0.072 
  8    0082D   (23)   17 :  0.175 0.200 0.065 0.074 0.326 0.160 
  9    0121B   (38)   22 :  0.104 0.083 0.465 0.043 0.126 0.179 
 10    0121C    (0)   22 :  0.542 0.107 0.028 0.043 0.129 0.151 
 11    0147A   (38)   29 :  0.055 0.215 0.059 0.200 0.292 0.179 
 12    0147B    (7)   29 :  0.646 0.083 0.023 0.024 0.061 0.162 
 13    0147D   (30)   29 :  0.187 0.249 0.150 0.018 0.139 0.258 
 14    0167A    (0)   17 :  0.121 0.260 0.046 0.016 0.279 0.277 
 15    0167B    (0)   17 :  0.050 0.180 0.093 0.088 0.244 0.344 
 16    0167C    (0)   17 :  0.043 0.064 0.599 0.020 0.159 0.116 
 17    0309A    (0)   62 :  0.053 0.409 0.373 0.028 0.040 0.097 
 18    0309C    (0)   62 :  0.166 0.305 0.060 0.038 0.224 0.207 
 19    0309D   (30)   62 :  0.055 0.344 0.413 0.025 0.061 0.102 
 20    0309E   (15)   62 :  0.056 0.399 0.233 0.063 0.158 0.091 
 21    0625A    (7)   122 :  0.082 0.226 0.125 0.058 0.137 0.372 
 22    0625B    (0)   122 :  0.051 0.230 0.153 0.105 0.197 0.263 
 23    0625C    (0)   122 :  0.059 0.298 0.040 0.116 0.328 0.159 
 24    0625D    (0)   122 :  0.145 0.257 0.052 0.290 0.141 0.116 
 25    1029C   (23)   193 :  0.477 0.160 0.079 0.034 0.095 0.155 
 26    1029D   (30)   193 :  0.458 0.102 0.041 0.091 0.113 0.195 
 27    1029G   (46)   193 :  0.087 0.105 0.412 0.047 0.204 0.144 
 28    1187A    (0)   29 :  0.652 0.076 0.017 0.026 0.038 0.191 
 29    1187B    (0)   29 :  0.117 0.096 0.170 0.218 0.304 0.095 
 30    1187C    (0)   29 :  0.504 0.138 0.041 0.036 0.056 0.225 
 31    1187D   (15)   29 :  0.127 0.204 0.210 0.062 0.251 0.146 
 32    1187E    (0)   29 :  0.015 0.035 0.487 0.324 0.043 0.096 
 33    1314A   (15)   193 :  0.031 0.033 0.027 0.857 0.016 0.036 
 34    1314B   (15)   193 :  0.067 0.159 0.120 0.195 0.143 0.317 
 35    1314C    (0)   193 :  0.209 0.256 0.067 0.032 0.134 0.302 
 36    1314D    (0)   193 :  0.464 0.100 0.087 0.047 0.122 0.181 
 37    1314E    (7)   193 :  0.032 0.077 0.170 0.601 0.045 0.076 
 38    1319A    (0)   62 :  0.091 0.180 0.335 0.092 0.122 0.180 
 39    1319B    (7)   62 :  0.073 0.224 0.196 0.107 0.083 0.317 
 40    1600A    (0)   29 :  0.046 0.276 0.127 0.046 0.096 0.410 
 41    1600B    (0)   29 :  0.103 0.153 0.119 0.073 0.282 0.270 
 42    1600C    (7)   29 :  0.419 0.063 0.061 0.224 0.111 0.121 
 43    1630A    (7)   193 :  0.599 0.062 0.043 0.034 0.129 0.133 
 44    1630B   (15)   193 :  0.038 0.017 0.015 0.883 0.020 0.028 
 45    1630C   (46)   193 :  0.221 0.211 0.231 0.039 0.111 0.188 
 46    1711A    (7)   286 :  0.021 0.185 0.684 0.029 0.040 0.042 
 47    1711B    (0)   286 :  0.029 0.180 0.652 0.028 0.069 0.043 
 48    1711C   (46)   286 :  0.038 0.037 0.022 0.821 0.035 0.047 
 49    1711D   (23)   286 :  0.252 0.185 0.074 0.023 0.328 0.137 
 50    1711E   (30)   286 :  0.064 0.379 0.306 0.015 0.062 0.174 
 51    1715A    (0)   205 :  0.650 0.045 0.020 0.107 0.048 0.131 
 52    1715B    (0)   205 :  0.748 0.031 0.028 0.023 0.041 0.130 
 53    1715C    (0)   205 :  0.281 0.050 0.075 0.070 0.401 0.123 
 54    1715D    (0)   205 :  0.054 0.269 0.124 0.010 0.101 0.442 
 55    1715E    (0)   205 :  0.609 0.067 0.023 0.029 0.058 0.214 
 56    1726A    (0)   205 :  0.751 0.038 0.037 0.030 0.029 0.115 
 57    1726B   (23)   205 :  0.187 0.143 0.089 0.240 0.121 0.219 
 58    1783A   (46)   205 :  0.618 0.074 0.041 0.028 0.104 0.134 
 59    1783B    (0)   205 :  0.353 0.164 0.227 0.048 0.069 0.138 
 60    1783C    (0)   205 :  0.455 0.137 0.084 0.041 0.134 0.149 
 61    1783D    (0)   205 :  0.720 0.055 0.017 0.018 0.032 0.158 
 62    1783E    (0)   205 :  0.046 0.224 0.058 0.033 0.500 0.138 
 63    2008C    (0)   62 :  0.386 0.125 0.089 0.013 0.233 0.153 
 64    2008D    (0)   62 :  0.072 0.193 0.130 0.036 0.311 0.259 
 65    2008E    (7)   62 :  0.131 0.301 0.237 0.103 0.088 0.140 
 66    2008F   (38)   62 :  0.129 0.084 0.070 0.557 0.051 0.109 
 67    2008G    (7)   62 :  0.256 0.289 0.088 0.013 0.101 0.252 
 68    2008H    (0)   62 :  0.027 0.022 0.028 0.858 0.032 0.033 
 69    2033A   (23)   328 :  0.247 0.140 0.146 0.030 0.310 0.127 
 70    2159A    (0)   328 :  0.021 0.092 0.058 0.755 0.032 0.042 
 71    2159B    (0)   328 :  0.008 0.013 0.010 0.945 0.011 0.012 
 72    2159C    (0)   328 :  0.101 0.306 0.048 0.067 0.134 0.345 
 73    2159D    (0)   328 :  0.008 0.011 0.009 0.954 0.009 0.009 
 74    2159E    (0)   328 :  0.279 0.054 0.218 0.228 0.097 0.123 
 75    2341B    (7)   62 :  0.020 0.287 0.475 0.028 0.028 0.161 
 76    2341C    (0)   62 :  0.278 0.134 0.032 0.015 0.416 0.126 
 77    2351A    (0)   62 :  0.033 0.121 0.377 0.050 0.193 0.227 
 78    2366A   (46)   122 :  0.117 0.133 0.138 0.302 0.190 0.121 
 79    2366B   (46)   122 :  0.446 0.134 0.079 0.068 0.136 0.137 
 80    2366C    (0)   122 :  0.346 0.131 0.013 0.019 0.301 0.190 
 81    2366D    (0)   122 :  0.032 0.197 0.102 0.043 0.499 0.126 
 82    2409A   (15)   122 :  0.019 0.063 0.610 0.052 0.041 0.215 
 83    2423C    (0)   205 :  0.232 0.172 0.040 0.223 0.118 0.215 
 84    2423D    (7)   205 :  0.073 0.316 0.069 0.021 0.079 0.442 
 85    2423E   (30)   205 :  0.096 0.209 0.103 0.021 0.363 0.209 
 86    2856A   (23)   22 :  0.441 0.096 0.207 0.036 0.115 0.105 
 87    2856B    (7)   22 :  0.228 0.156 0.033 0.072 0.367 0.144 
 88    2856C    (7)   22 :  0.056 0.184 0.568 0.039 0.098 0.056 
 89    2856E   (23)   22 :  0.061 0.283 0.123 0.083 0.091 0.360 
 90    3026A    (0)   17 :  0.295 0.054 0.020 0.038 0.469 0.124 
 91    3026B   (15)   17 :  0.046 0.166 0.157 0.052 0.336 0.243 
 92    3253A    (0)   205 :  0.133 0.392 0.085 0.028 0.164 0.199 
 93    3280A    (0)   328 :  0.099 0.324 0.346 0.016 0.082 0.133 
 94    3280B    (0)   328 :  0.060 0.241 0.066 0.096 0.258 0.279 
 95    3760C   (23)   122 :  0.008 0.009 0.005 0.006 0.960 0.012 
 96    4249A    (0)   193 :  0.126 0.145 0.082 0.074 0.419 0.154 
 97    4316A    (7)   17 :  0.085 0.230 0.169 0.034 0.279 0.203 
 98    4316B    (0)   17 :  0.132 0.190 0.052 0.030 0.329 0.268 
 99    4316C   (15)   17 :  0.174 0.100 0.038 0.049 0.322 0.317 
100    4316D   (15)   17 :  0.174 0.293 0.267 0.013 0.078 0.175 
101    4316E   (15)   17 :  0.059 0.134 0.139 0.035 0.312 0.320 
102    5597A   (23)   22 :  0.175 0.197 0.049 0.057 0.299 0.223 
103    5597B    (0)   22 :  0.225 0.300 0.106 0.019 0.176 0.174 
104    5597C    (0)   22 :  0.261 0.168 0.042 0.082 0.252 0.195 
105    5597D   (23)   22 :  0.633 0.069 0.045 0.048 0.053 0.153 
106    5637A    (0)   205 :  0.021 0.075 0.512 0.054 0.028 0.310 
107    5637C    (7)   205 :  0.381 0.112 0.036 0.164 0.123 0.183 
108    5637D   (38)   205 :  0.126 0.114 0.232 0.102 0.243 0.183 
109    5637E   (46)   205 :  0.025 0.129 0.564 0.042 0.054 0.186 
110    5637G   (46)   205 :  0.019 0.082 0.606 0.042 0.037 0.214 
111    5912A    (0)   286 :  0.050 0.182 0.485 0.017 0.124 0.141 
112    5912B    (0)   286 :  0.720 0.035 0.035 0.034 0.035 0.142 
113    5912C   (30)   286 :  0.027 0.159 0.590 0.050 0.062 0.112 
114    5912D   (30)   286 :  0.322 0.149 0.054 0.125 0.232 0.118 
115    5912E   (15)   286 :  0.467 0.093 0.023 0.051 0.170 0.195 
116    5954B   (38)   286 :  0.092 0.096 0.030 0.258 0.452 0.073 
117    5954C   (46)   286 :  0.108 0.063 0.246 0.386 0.057 0.140 
118    5954D   (46)   286 :  0.611 0.086 0.040 0.017 0.047 0.199 
119    5954E   (53)   286 :  0.376 0.139 0.047 0.017 0.265 0.156 
120    6136A    (0)   29 :  0.063 0.131 0.278 0.140 0.171 0.217 
121    6136B    (7)   29 :  0.030 0.091 0.052 0.030 0.603 0.193 
122    6136C   (15)   29 :  0.109 0.260 0.016 0.032 0.349 0.234 
123    6337A    (7)   328 :  0.020 0.373 0.535 0.012 0.030 0.030 
124    6337B    (0)   328 :  0.061 0.214 0.577 0.030 0.058 0.061 
125    6337C    (0)   328 :  0.067 0.145 0.566 0.025 0.137 0.060 
126    6337D   (15)   328 :  0.026 0.012 0.011 0.902 0.033 0.016 
127    6337E    (7)   328 :  0.047 0.084 0.051 0.439 0.298 0.082 
128    6382C    (0)   122 :  0.351 0.111 0.088 0.042 0.258 0.149 
129    6382E    (0)   122 :  0.095 0.313 0.032 0.110 0.187 0.264 
130    6382F   (46)   122 :  0.080 0.355 0.032 0.026 0.157 0.350 
131    6382G   (15)   122 :  0.096 0.056 0.037 0.036 0.684 0.090 
132    6514C    (0)   62 :  0.308 0.152 0.315 0.020 0.119 0.086 
133    6514E    (0)   62 :  0.511 0.083 0.080 0.098 0.115 0.114 
134    6514F    (0)   62 :  0.082 0.240 0.061 0.351 0.110 0.157 
135    6514G   (30)   62 :  0.613 0.093 0.069 0.017 0.078 0.131 
136    6514H   (15)   62 :  0.025 0.017 0.014 0.872 0.029 0.042 
137    6546B   (23)   328 :  0.071 0.207 0.078 0.012 0.335 0.297 
138    6546C   (30)   328 :  0.384 0.144 0.124 0.066 0.117 0.164 
139    6706A   (23)   193 :  0.170 0.193 0.148 0.102 0.180 0.208 
140    6706B   (30)   193 :  0.240 0.152 0.047 0.065 0.259 0.237 
141    6723B   (46)   22 :  0.163 0.285 0.059 0.048 0.197 0.249 


Estimated Allele Frequencies in each cluster
First column gives estimated ancestral frequencies


Locus 1 : 
8 alleles
3.5% missing data
 148   (0.687) 0.801 0.785 0.702 0.614 0.688 0.765 
 146   (0.122) 0.104 0.078 0.170 0.330 0.119 0.090 
 147   (0.094) 0.054 0.100 0.103 0.038 0.095 0.098 
 142   (0.025) 0.014 0.008 0.006 0.006 0.026 0.011 
 137   (0.014) 0.004 0.006 0.005 0.003 0.013 0.008 
 161   (0.025) 0.006 0.009 0.006 0.004 0.029 0.010 
 172   (0.015) 0.004 0.006 0.005 0.003 0.014 0.009 
 151   (0.017) 0.014 0.009 0.004 0.003 0.016 0.010 

Locus 2 : 
16 alleles
5.7% missing data
 197   (0.285) 0.243 0.415 0.331 0.341 0.290 0.331 
 205   (0.111) 0.130 0.111 0.112 0.032 0.112 0.124 
 199   (0.072) 0.122 0.064 0.057 0.019 0.072 0.071 
 201   (0.168) 0.174 0.130 0.102 0.303 0.172 0.169 
 203   (0.051) 0.015 0.046 0.168 0.018 0.052 0.081 
 213   (0.037) 0.025 0.059 0.069 0.008 0.035 0.026 
 227   (0.035) 0.011 0.021 0.011 0.119 0.034 0.019 
 221   (0.026) 0.022 0.009 0.008 0.094 0.023 0.013 
 211   (0.058) 0.093 0.059 0.026 0.022 0.056 0.075 
 215   (0.023) 0.006 0.010 0.044 0.014 0.022 0.011 
 217   (0.031) 0.027 0.031 0.043 0.006 0.028 0.020 
 193   (0.035) 0.077 0.017 0.010 0.009 0.034 0.023 
 191   (0.030) 0.043 0.014 0.011 0.007 0.029 0.018 
 219   (0.013) 0.003 0.007 0.003 0.004 0.013 0.007 
 241   (0.013) 0.003 0.003 0.002 0.002 0.014 0.003 
 207   (0.014) 0.005 0.005 0.003 0.003 0.013 0.008 

Locus 3 : 
9 alleles
12.8% missing data
 201   (0.272) 0.372 0.286 0.225 0.318 0.270 0.274 
 207   (0.325) 0.399 0.302 0.223 0.373 0.333 0.369 
 204   (0.213) 0.136 0.227 0.377 0.193 0.212 0.210 
 210   (0.105) 0.067 0.105 0.095 0.082 0.103 0.108 
 219   (0.016) 0.005 0.020 0.022 0.003 0.014 0.008 
 198   (0.019) 0.006 0.010 0.008 0.007 0.019 0.009 
 213   (0.015) 0.005 0.021 0.017 0.003 0.014 0.011 
 216   (0.018) 0.007 0.008 0.005 0.017 0.019 0.007 
 189   (0.016) 0.004 0.021 0.027 0.003 0.015 0.005 

Locus 4 : 
12 alleles
12.8% missing data
 138   (0.141) 0.099 0.138 0.080 0.147 0.147 0.154 
 140   (0.194) 0.115 0.219 0.372 0.152 0.198 0.186 
 132   (0.181) 0.170 0.198 0.139 0.179 0.185 0.164 
 154   (0.014) 0.006 0.006 0.004 0.005 0.013 0.006 
 142   (0.132) 0.145 0.157 0.228 0.059 0.126 0.171 
 134   (0.053) 0.071 0.043 0.041 0.056 0.052 0.048 
 128   (0.030) 0.013 0.011 0.010 0.165 0.029 0.015 
 136   (0.098) 0.216 0.108 0.064 0.032 0.099 0.110 
 144   (0.058) 0.022 0.052 0.020 0.101 0.058 0.067 
 146   (0.025) 0.008 0.019 0.019 0.008 0.024 0.014 
 152   (0.029) 0.017 0.015 0.009 0.081 0.026 0.013 
 130   (0.045) 0.118 0.035 0.014 0.014 0.043 0.049 

Locus 5 : 
9 alleles
16.3% missing data
 257   (0.399) 0.429 0.432 0.403 0.675 0.396 0.442 
 271   (0.057) 0.040 0.045 0.031 0.017 0.057 0.049 
 259   (0.321) 0.435 0.345 0.369 0.239 0.317 0.334 
 261   (0.080) 0.036 0.094 0.082 0.029 0.080 0.099 
 263   (0.020) 0.006 0.020 0.010 0.009 0.019 0.010 
 269   (0.020) 0.005 0.014 0.057 0.006 0.018 0.014 
 273   (0.075) 0.042 0.037 0.028 0.018 0.084 0.042 
 265   (0.015) 0.004 0.007 0.005 0.003 0.015 0.006 
 267   (0.014) 0.004 0.006 0.014 0.003 0.013 0.005 

Locus 6 : 
15 alleles
4.3% missing data
 147   (0.163) 0.171 0.127 0.150 0.569 0.162 0.161 
 141   (0.115) 0.099 0.205 0.214 0.029 0.114 0.131 
 149   (0.100) 0.164 0.100 0.126 0.067 0.098 0.080 
 159   (0.063) 0.027 0.064 0.103 0.019 0.063 0.094 
 137   (0.092) 0.040 0.106 0.135 0.033 0.093 0.115 
 139   (0.039) 0.011 0.033 0.028 0.009 0.041 0.024 
 161   (0.057) 0.129 0.046 0.022 0.019 0.055 0.058 
 151   (0.071) 0.154 0.055 0.041 0.020 0.069 0.069 
 153   (0.084) 0.072 0.082 0.058 0.034 0.089 0.062 
 165   (0.055) 0.054 0.044 0.032 0.013 0.055 0.053 
 145   (0.059) 0.034 0.053 0.028 0.149 0.058 0.055 
 135   (0.014) 0.004 0.005 0.010 0.003 0.012 0.006 
 157   (0.037) 0.015 0.022 0.032 0.024 0.038 0.037 
 143   (0.032) 0.022 0.052 0.011 0.010 0.032 0.046 
 155   (0.020) 0.004 0.007 0.010 0.004 0.021 0.008 

Locus 7 : 
4 alleles
2.1% missing data
 138   (0.763) 0.731 0.789 0.883 0.915 0.764 0.769 
 144   (0.070) 0.086 0.062 0.023 0.016 0.070 0.086 
 132   (0.153) 0.178 0.142 0.090 0.067 0.153 0.138 
 135   (0.014) 0.005 0.007 0.003 0.003 0.013 0.007 

Locus 8 : 
12 alleles
20.6% missing data
 276   (0.066) 0.097 0.042 0.019 0.093 0.065 0.057 
 286   (0.136) 0.073 0.140 0.146 0.086 0.138 0.169 
 278   (0.212) 0.377 0.171 0.206 0.277 0.211 0.203 
 270   (0.030) 0.010 0.019 0.018 0.010 0.030 0.027 
 280   (0.225) 0.218 0.249 0.323 0.196 0.225 0.252 
 266   (0.034) 0.016 0.038 0.104 0.022 0.032 0.022 
 282   (0.149) 0.103 0.211 0.106 0.132 0.151 0.160 
 274   (0.030) 0.042 0.013 0.007 0.018 0.028 0.018 
 290   (0.027) 0.022 0.050 0.041 0.006 0.025 0.032 
 284   (0.036) 0.018 0.037 0.012 0.010 0.037 0.029 
 288   (0.036) 0.016 0.020 0.012 0.145 0.036 0.022 
 272   (0.020) 0.010 0.011 0.005 0.005 0.022 0.010 

Locus 9 : 
15 alleles
3.5% missing data
 146   (0.413) 0.534 0.483 0.459 0.532 0.421 0.489 
 178   (0.033) 0.014 0.018 0.015 0.008 0.037 0.020 
 170   (0.045) 0.019 0.054 0.016 0.034 0.044 0.059 
 166   (0.066) 0.067 0.047 0.060 0.022 0.066 0.062 
 172   (0.054) 0.087 0.043 0.023 0.026 0.053 0.048 
 168   (0.078) 0.053 0.120 0.104 0.086 0.074 0.078 
 162   (0.017) 0.007 0.008 0.012 0.003 0.016 0.010 
 148   (0.076) 0.087 0.070 0.139 0.047 0.074 0.088 
 160   (0.068) 0.030 0.071 0.102 0.128 0.065 0.055 
 174   (0.030) 0.013 0.024 0.010 0.008 0.033 0.021 
 158   (0.031) 0.017 0.013 0.008 0.083 0.030 0.014 
 154   (0.038) 0.049 0.027 0.035 0.011 0.037 0.025 
 164   (0.013) 0.006 0.004 0.003 0.003 0.012 0.005 
 180   (0.013) 0.003 0.003 0.003 0.002 0.014 0.003 
 142   (0.025) 0.014 0.017 0.011 0.007 0.024 0.022 

Locus 10 : 
7 alleles
5.0% missing data
 158   (0.776) 0.902 0.842 0.851 0.798 0.772 0.858 
 160   (0.118) 0.047 0.115 0.121 0.158 0.119 0.096 
 154   (0.026) 0.014 0.014 0.009 0.007 0.026 0.013 
 156   (0.021) 0.023 0.012 0.007 0.009 0.021 0.011 
 152   (0.030) 0.007 0.010 0.007 0.005 0.036 0.014 
 144   (0.014) 0.003 0.004 0.003 0.021 0.013 0.004 
 162   (0.014) 0.004 0.004 0.003 0.003 0.014 0.004 

Locus 11 : 
14 alleles
29.1% missing data
 214   (0.160) 0.168 0.149 0.078 0.062 0.172 0.171 
 220   (0.143) 0.129 0.129 0.113 0.292 0.144 0.136 
 210   (0.090) 0.097 0.146 0.081 0.051 0.088 0.081 
 218   (0.274) 0.287 0.372 0.485 0.330 0.264 0.343 
 192   (0.018) 0.005 0.006 0.008 0.004 0.017 0.008 
 194   (0.015) 0.005 0.006 0.007 0.004 0.015 0.007 
 212   (0.033) 0.024 0.022 0.012 0.060 0.032 0.022 
 222   (0.085) 0.146 0.070 0.082 0.092 0.082 0.115 
 224   (0.019) 0.006 0.008 0.031 0.005 0.017 0.012 
 216   (0.084) 0.103 0.062 0.080 0.053 0.084 0.067 
 200   (0.017) 0.005 0.005 0.004 0.003 0.018 0.005 
 204   (0.016) 0.004 0.005 0.004 0.004 0.018 0.005 
 188   (0.031) 0.010 0.015 0.011 0.035 0.035 0.020 
 208   (0.016) 0.010 0.006 0.005 0.004 0.015 0.007 

Locus 12 : 
17 alleles
18.4% missing data
 144   (0.035) 0.021 0.023 0.014 0.046 0.037 0.024 
 162   (0.041) 0.020 0.041 0.014 0.014 0.044 0.044 
 170   (0.044) 0.037 0.038 0.046 0.011 0.042 0.031 
 148   (0.091) 0.120 0.063 0.112 0.186 0.085 0.104 
 142   (0.071) 0.088 0.055 0.189 0.070 0.068 0.073 
 154   (0.042) 0.044 0.022 0.037 0.040 0.042 0.033 
 146   (0.353) 0.449 0.417 0.322 0.465 0.360 0.424 
 164   (0.049) 0.058 0.034 0.028 0.023 0.050 0.035 
 168   (0.029) 0.011 0.022 0.012 0.007 0.030 0.030 
 156   (0.056) 0.033 0.130 0.108 0.091 0.053 0.043 
 172   (0.039) 0.024 0.037 0.023 0.012 0.037 0.047 
 166   (0.054) 0.036 0.058 0.063 0.015 0.054 0.048 
 158   (0.029) 0.009 0.026 0.009 0.006 0.031 0.028 
 150   (0.014) 0.007 0.007 0.004 0.003 0.013 0.006 
 174   (0.014) 0.003 0.004 0.003 0.003 0.015 0.004 
 182   (0.013) 0.005 0.007 0.004 0.003 0.013 0.008 
 160   (0.027) 0.035 0.018 0.014 0.005 0.026 0.018 

Locus 13 : 
15 alleles
31.2% missing data
 285   (0.309) 0.299 0.322 0.334 0.428 0.306 0.310 
 291   (0.127) 0.278 0.128 0.066 0.088 0.127 0.131 
 289   (0.178) 0.139 0.228 0.191 0.108 0.179 0.268 
 277   (0.044) 0.067 0.023 0.017 0.020 0.043 0.032 
 273   (0.032) 0.015 0.086 0.240 0.008 0.031 0.014 
 293   (0.051) 0.021 0.037 0.032 0.021 0.054 0.075 
 287   (0.037) 0.015 0.020 0.022 0.248 0.036 0.022 
 295   (0.048) 0.081 0.029 0.016 0.014 0.050 0.036 
 301   (0.020) 0.016 0.007 0.006 0.005 0.018 0.009 
 303   (0.027) 0.018 0.028 0.019 0.007 0.026 0.017 
 279   (0.026) 0.012 0.024 0.008 0.010 0.025 0.029 
 181   (0.016) 0.005 0.010 0.016 0.004 0.015 0.007 
 283   (0.034) 0.012 0.014 0.009 0.024 0.040 0.014 
 281   (0.018) 0.008 0.012 0.006 0.004 0.016 0.009 
 297   (0.034) 0.014 0.032 0.019 0.010 0.034 0.029 

Values of parameters used in structure:
DATAFILE=bws18_structure.txt,	OUTFILE=bws18_structurek6_3_results,	NUMINDS=141,	NUMLOCI=13,	MISSING=-9,	LABEL=1,	POPDATA=1,	POPFLAG=0,	PHENOTYPE=0,	EXTRACOLS=0,	MAXPOPS=6,	BURNIN=10000,	NUMREPS=20000,	USEPOPINFO=0,	INFERALPHA=1,	INFERLAMBDA=0,	POPSPECIFICLAMBDA=0,	POPALPHAS=0,	COMPUTEPROB=1,	NOADMIX=0,	ADMBURNIN=500,	UPDATEFREQ=100,	PRINTLIKES=0,	INTERMEDSAVE=0,	PRINTKLD=0,	PRINTNET=1,	PRINTLAMBDA=1,	ANCESTDIST=0,	NUMBOXES=1000,	ANCESTPINT=0.90000,	GENSBACK=2,	MIGRPRIOR=0.01000,	PRINTQHAT=0,	PRINTQSUM=1,	ALPHA=1.0000,	FREQSCORR=1,	FPRIORMEAN=0.0100,	FPRIORSD=0.0500,	ONEFST=0,	LAMBDA=1.0000,	UNIFPRIORALPHA=1,	ALPHAMAX=10.0000,	ALPHAPRIORA=1.0000,	ALPHAPRIORB=2.0000,	ALPHAPROPSD=0.0250,	STARTATPOPINFO=0,	RANDOMIZE=1,	LINKAGE=0,	METROFREQ=10,	REPORTHITRATE=0,	MARKOVPHASE=0,	PHASED=0,	PLOIDY=2,	PHASEINFO=0	LOCPRIOR=0, 	LOCPRIORINIT=1.000000, 	LOCDATA=0, 	LOCISPOP=1, 	LOCPRIORSTEP=0.100000, 	MAXLOCPRIOR=20.000000, 	SEED=1680179611,	
[STRAT parameters]:    NUMSIMSTATS=1000,	PHENOTYPECOL=-9,	POOLFREQ=10,	LOCUSxONLY=0,	EMERROR=0.00100,	MISSINGPHENO=-9,	