

----------------------------------------------------
STRUCTURE by Pritchard, Stephens and Donnelly (2000)
     and Falush, Stephens and Pritchard (2003)
       Code by Pritchard, Falush and Hubisz
             Version 2.3.4 (Jul 2012)
----------------------------------------------------



Command line arguments:   ./structure -m mainparams_bws18_k5 
Input File:    bws18_structure.txt

Run parameters:
   141 individuals
   13 loci
   5 populations assumed
   10000 Burn-in period
   20000 Reps


--------------------------------------------
Proportion of membership of each pre-defined
 population in each of the 5 clusters

Given    Inferred Clusters                     Number of
 Pop       1      2      3      4      5      Individuals

 17:     0.197  0.167  0.304  0.136  0.195       18
 22:     0.227  0.107  0.195  0.297  0.173       11
 29:     0.203  0.167  0.227  0.271  0.132       14
 62:     0.204  0.192  0.133  0.194  0.278       20
122:     0.284  0.142  0.306  0.146  0.122       14
193:     0.169  0.246  0.172  0.278  0.134       14
205:     0.221  0.161  0.154  0.340  0.124       21
286:     0.165  0.170  0.203  0.250  0.213       14
328:     0.169  0.289  0.166  0.118  0.258       15
--------------------------------------------

Allele-freq. divergence among pops (Net nucleotide distance),
computed using point estimates of P.

      1       2       3       4       5      
 1      -    0.0204  0.0072  0.0224  0.0250  
 2   0.0204     -    0.0150  0.0297  0.0274  
 3   0.0072  0.0150     -    0.0149  0.0189  
 4   0.0224  0.0297  0.0149     -    0.0340  
 5   0.0250  0.0274  0.0189  0.0340     -    

Average distances (expected heterozygosity) between individuals in same cluster:
cluster  1  : 0.6885 
cluster  2  : 0.6618 
cluster  3  : 0.7433 
cluster  4  : 0.6593 
cluster  5  : 0.6476 

--------------------------------------------
Estimated Ln Prob of Data   = -5252.9
Mean value of ln likelihood = -4885.3
Variance of ln likelihood   = 735.2
Mean value of alpha         = 0.1126

Mean value of Fst_1         = 0.0698
Mean value of Fst_2         = 0.1189
Mean value of Fst_3         = 0.0023
Mean value of Fst_4         = 0.0927
Mean value of Fst_5         = 0.1118


Inferred ancestry of individuals:
        Label (%Miss) Pop:  Inferred clusters
  1    0079C    (0)   17 :  0.235 0.176 0.430 0.123 0.036 
  2    0079D    (0)   17 :  0.556 0.044 0.147 0.073 0.181 
  3    0079E   (23)   17 :  0.116 0.147 0.586 0.051 0.099 
  4    0079G    (0)   17 :  0.193 0.113 0.383 0.192 0.119 
  5    0082A    (0)   17 :  0.111 0.274 0.271 0.050 0.294 
  6    0082B    (0)   17 :  0.039 0.109 0.034 0.032 0.787 
  7    0082C   (15)   17 :  0.060 0.528 0.100 0.249 0.063 
  8    0082D   (23)   17 :  0.107 0.091 0.367 0.229 0.206 
  9    0121B   (38)   22 :  0.117 0.287 0.264 0.150 0.183 
 10    0121C    (0)   22 :  0.118 0.066 0.139 0.648 0.029 
 11    0147A   (38)   29 :  0.115 0.262 0.349 0.065 0.210 
 12    0147B    (7)   29 :  0.086 0.035 0.054 0.791 0.034 
 13    0147D   (30)   29 :  0.136 0.032 0.177 0.237 0.418 
 14    0167A    (0)   17 :  0.491 0.030 0.272 0.096 0.112 
 15    0167B    (0)   17 :  0.264 0.297 0.236 0.056 0.147 
 16    0167C    (0)   17 :  0.201 0.195 0.320 0.078 0.205 
 17    0309A    (0)   62 :  0.055 0.038 0.032 0.033 0.842 
 18    0309C    (0)   62 :  0.462 0.061 0.177 0.153 0.147 
 19    0309D   (30)   62 :  0.051 0.050 0.062 0.079 0.758 
 20    0309E   (15)   62 :  0.107 0.086 0.102 0.038 0.668 
 21    0625A    (7)   122 :  0.324 0.116 0.151 0.136 0.273 
 22    0625B    (0)   122 :  0.245 0.271 0.181 0.060 0.243 
 23    0625C    (0)   122 :  0.621 0.108 0.162 0.022 0.086 
 24    0625D    (0)   122 :  0.426 0.211 0.124 0.125 0.114 
 25    1029C   (23)   193 :  0.067 0.042 0.123 0.565 0.202 
 26    1029D   (30)   193 :  0.116 0.100 0.118 0.601 0.065 
 27    1029G   (46)   193 :  0.188 0.137 0.326 0.102 0.247 
 28    1187A    (0)   29 :  0.050 0.026 0.036 0.851 0.036 
 29    1187B    (0)   29 :  0.155 0.256 0.313 0.137 0.140 
 30    1187C    (0)   29 :  0.094 0.040 0.059 0.670 0.137 
 31    1187D   (15)   29 :  0.314 0.131 0.286 0.118 0.152 
 32    1187E    (0)   29 :  0.089 0.611 0.101 0.021 0.178 
 33    1314A   (15)   193 :  0.073 0.777 0.047 0.060 0.044 
 34    1314B   (15)   193 :  0.345 0.281 0.145 0.095 0.133 
 35    1314C    (0)   193 :  0.426 0.064 0.165 0.187 0.158 
 36    1314D    (0)   193 :  0.131 0.071 0.122 0.602 0.075 
 37    1314E    (7)   193 :  0.077 0.667 0.053 0.064 0.139 
 38    1319A    (0)   62 :  0.212 0.162 0.132 0.078 0.415 
 39    1319B    (7)   62 :  0.564 0.165 0.064 0.068 0.139 
 40    1600A    (0)   29 :  0.545 0.114 0.127 0.053 0.161 
 41    1600B    (0)   29 :  0.328 0.160 0.325 0.107 0.081 
 42    1600C    (7)   29 :  0.082 0.166 0.104 0.586 0.062 
 43    1630A    (7)   193 :  0.060 0.058 0.176 0.627 0.078 
 44    1630B   (15)   193 :  0.053 0.639 0.047 0.177 0.084 
 45    1630C   (46)   193 :  0.087 0.096 0.113 0.314 0.390 
 46    1711A    (7)   286 :  0.065 0.144 0.071 0.034 0.686 
 47    1711B    (0)   286 :  0.054 0.121 0.114 0.042 0.669 
 48    1711C   (46)   286 :  0.127 0.619 0.073 0.110 0.071 
 49    1711D   (23)   286 :  0.130 0.044 0.442 0.167 0.217 
 50    1711E   (30)   286 :  0.049 0.025 0.090 0.066 0.770 
 51    1715A    (0)   205 :  0.054 0.100 0.056 0.746 0.044 
 52    1715B    (0)   205 :  0.029 0.033 0.047 0.850 0.042 
 53    1715C    (0)   205 :  0.042 0.150 0.404 0.348 0.056 
 54    1715D    (0)   205 :  0.668 0.040 0.147 0.043 0.102 
 55    1715E    (0)   205 :  0.158 0.062 0.066 0.686 0.028 
 56    1726A    (0)   205 :  0.046 0.060 0.044 0.806 0.044 
 57    1726B   (23)   205 :  0.167 0.422 0.141 0.195 0.075 
 58    1783A   (46)   205 :  0.184 0.028 0.111 0.616 0.061 
 59    1783B    (0)   205 :  0.047 0.058 0.089 0.411 0.395 
 60    1783C    (0)   205 :  0.091 0.103 0.106 0.545 0.156 
 61    1783D    (0)   205 :  0.064 0.027 0.040 0.840 0.029 
 62    1783E    (0)   205 :  0.270 0.106 0.546 0.049 0.029 
 63    2008C    (0)   62 :  0.073 0.032 0.207 0.495 0.193 
 64    2008D    (0)   62 :  0.469 0.079 0.307 0.062 0.082 
 65    2008E    (7)   62 :  0.140 0.107 0.074 0.128 0.551 
 66    2008F   (38)   62 :  0.152 0.540 0.075 0.171 0.062 
 67    2008G    (7)   62 :  0.412 0.032 0.120 0.224 0.213 
 68    2008H    (0)   62 :  0.117 0.707 0.071 0.056 0.049 
 69    2033A   (23)   328 :  0.133 0.092 0.315 0.293 0.166 
 70    2159A    (0)   328 :  0.101 0.638 0.056 0.025 0.179 
 71    2159B    (0)   328 :  0.125 0.739 0.034 0.020 0.083 
 72    2159C    (0)   328 :  0.522 0.111 0.208 0.096 0.063 
 73    2159D    (0)   328 :  0.113 0.749 0.033 0.021 0.084 
 74    2159E    (0)   328 :  0.111 0.296 0.118 0.352 0.123 
 75    2341B    (7)   62 :  0.110 0.147 0.035 0.014 0.693 
 76    2341C    (0)   62 :  0.075 0.034 0.443 0.403 0.044 
 77    2351A    (0)   62 :  0.201 0.308 0.277 0.053 0.161 
 78    2366A   (46)   122 :  0.079 0.363 0.199 0.171 0.188 
 79    2366B   (46)   122 :  0.270 0.055 0.151 0.426 0.098 
 80    2366C    (0)   122 :  0.106 0.045 0.355 0.473 0.021 
 81    2366D    (0)   122 :  0.175 0.123 0.603 0.026 0.072 
 82    2409A   (15)   122 :  0.135 0.431 0.086 0.049 0.298 
 83    2423C    (0)   205 :  0.289 0.246 0.140 0.258 0.067 
 84    2423D    (7)   205 :  0.726 0.055 0.075 0.055 0.089 
 85    2423E   (30)   205 :  0.430 0.061 0.395 0.078 0.036 
 86    2856A   (23)   22 :  0.046 0.059 0.126 0.653 0.116 
 87    2856B    (7)   22 :  0.149 0.100 0.379 0.313 0.059 
 88    2856C    (7)   22 :  0.054 0.137 0.108 0.066 0.634 
 89    2856E   (23)   22 :  0.452 0.171 0.102 0.044 0.229 
 90    3026A    (0)   17 :  0.057 0.051 0.471 0.392 0.028 
 91    3026B   (15)   17 :  0.209 0.114 0.352 0.039 0.286 
 92    3253A    (0)   205 :  0.470 0.040 0.147 0.068 0.276 
 93    3280A    (0)   328 :  0.078 0.050 0.085 0.038 0.749 
 94    3280B    (0)   328 :  0.514 0.154 0.260 0.025 0.047 
 95    3760C   (23)   122 :  0.016 0.009 0.956 0.011 0.009 
 96    4249A    (0)   193 :  0.146 0.237 0.450 0.113 0.055 
 97    4316A    (7)   17 :  0.156 0.208 0.311 0.121 0.204 
 98    4316B    (0)   17 :  0.370 0.065 0.352 0.135 0.077 
 99    4316C   (15)   17 :  0.159 0.187 0.381 0.224 0.049 
100    4316D   (15)   17 :  0.071 0.075 0.100 0.248 0.505 
101    4316E   (15)   17 :  0.150 0.303 0.366 0.064 0.117 
102    5597A   (23)   22 :  0.301 0.102 0.336 0.192 0.068 
103    5597B    (0)   22 :  0.214 0.028 0.209 0.213 0.336 
104    5597C    (0)   22 :  0.325 0.093 0.206 0.264 0.112 
105    5597D   (23)   22 :  0.138 0.071 0.067 0.654 0.070 
106    5637A    (0)   205 :  0.157 0.504 0.068 0.030 0.241 
107    5637C    (7)   205 :  0.247 0.187 0.187 0.338 0.040 
108    5637D   (38)   205 :  0.211 0.258 0.267 0.110 0.155 
109    5637E   (46)   205 :  0.165 0.350 0.090 0.031 0.363 
110    5637G   (46)   205 :  0.134 0.491 0.076 0.031 0.268 
111    5912A    (0)   286 :  0.455 0.165 0.223 0.059 0.098 
112    5912B    (0)   286 :  0.103 0.044 0.038 0.773 0.042 
113    5912C   (30)   286 :  0.358 0.314 0.175 0.079 0.074 
114    5912D   (30)   286 :  0.322 0.131 0.298 0.221 0.028 
115    5912E   (15)   286 :  0.222 0.057 0.175 0.515 0.030 
116    5954B   (38)   286 :  0.124 0.137 0.597 0.095 0.047 
117    5954C   (46)   286 :  0.125 0.530 0.061 0.135 0.149 
118    5954D   (46)   286 :  0.112 0.025 0.083 0.722 0.058 
119    5954E   (53)   286 :  0.068 0.020 0.399 0.475 0.038 
120    6136A    (0)   29 :  0.258 0.346 0.166 0.054 0.176 
121    6136B    (7)   29 :  0.063 0.118 0.759 0.018 0.041 
122    6136C   (15)   29 :  0.523 0.040 0.327 0.092 0.019 
123    6337A    (7)   328 :  0.040 0.048 0.028 0.015 0.869 
124    6337B    (0)   328 :  0.095 0.080 0.082 0.082 0.660 
125    6337C    (0)   328 :  0.072 0.119 0.197 0.081 0.531 
126    6337D   (15)   328 :  0.056 0.700 0.109 0.091 0.043 
127    6337E    (7)   328 :  0.109 0.422 0.360 0.051 0.058 
128    6382C    (0)   122 :  0.127 0.047 0.296 0.379 0.151 
129    6382E    (0)   122 :  0.628 0.106 0.175 0.050 0.041 
130    6382F   (46)   122 :  0.749 0.043 0.162 0.020 0.026 
131    6382G   (15)   122 :  0.075 0.064 0.679 0.096 0.086 
132    6514C    (0)   62 :  0.055 0.082 0.130 0.392 0.341 
133    6514E    (0)   62 :  0.203 0.120 0.112 0.515 0.050 
134    6514F    (0)   62 :  0.424 0.330 0.107 0.065 0.074 
135    6514G   (30)   62 :  0.036 0.041 0.072 0.815 0.036 
136    6514H   (15)   62 :  0.150 0.722 0.056 0.036 0.037 
137    6546B   (23)   328 :  0.383 0.043 0.483 0.041 0.050 
138    6546C   (30)   328 :  0.084 0.096 0.126 0.534 0.160 
139    6706A   (23)   193 :  0.383 0.179 0.179 0.122 0.138 
140    6706B   (30)   193 :  0.217 0.092 0.349 0.269 0.072 
141    6723B   (46)   22 :  0.587 0.065 0.211 0.065 0.071 


Estimated Allele Frequencies in each cluster
First column gives estimated ancestral frequencies


Locus 1 : 
8 alleles
3.5% missing data
 148   (0.669) 0.758 0.633 0.668 0.810 0.770 
 146   (0.131) 0.081 0.266 0.130 0.115 0.130 
 147   (0.098) 0.122 0.079 0.099 0.036 0.080 
 142   (0.027) 0.007 0.006 0.028 0.014 0.005 
 137   (0.014) 0.009 0.003 0.013 0.003 0.003 
 161   (0.028) 0.012 0.005 0.029 0.005 0.004 
 172   (0.015) 0.005 0.006 0.015 0.003 0.004 
 151   (0.018) 0.005 0.003 0.018 0.015 0.004 

Locus 2 : 
16 alleles
5.7% missing data
 197   (0.282) 0.403 0.301 0.283 0.220 0.435 
 205   (0.113) 0.141 0.042 0.114 0.134 0.095 
 199   (0.072) 0.066 0.024 0.073 0.131 0.045 
 201   (0.160) 0.156 0.272 0.163 0.184 0.072 
 203   (0.062) 0.042 0.124 0.063 0.014 0.090 
 213   (0.035) 0.026 0.010 0.034 0.017 0.101 
 227   (0.039) 0.018 0.079 0.038 0.013 0.022 
 221   (0.024) 0.015 0.062 0.023 0.020 0.008 
 211   (0.052) 0.056 0.029 0.051 0.108 0.029 
 215   (0.026) 0.012 0.023 0.026 0.006 0.022 
 217   (0.028) 0.013 0.008 0.026 0.026 0.055 
 193   (0.034) 0.022 0.008 0.034 0.075 0.008 
 191   (0.031) 0.012 0.009 0.031 0.042 0.010 
 219   (0.015) 0.010 0.004 0.014 0.002 0.003 
 241   (0.014) 0.003 0.002 0.014 0.002 0.002 
 207   (0.014) 0.005 0.004 0.013 0.004 0.003 

Locus 3 : 
9 alleles
12.8% missing data
 201   (0.265) 0.242 0.282 0.264 0.398 0.268 
 207   (0.344) 0.427 0.346 0.347 0.394 0.176 
 204   (0.205) 0.154 0.256 0.208 0.132 0.363 
 210   (0.094) 0.143 0.089 0.092 0.053 0.082 
 219   (0.017) 0.005 0.004 0.016 0.005 0.032 
 198   (0.022) 0.011 0.009 0.022 0.006 0.005 
 213   (0.017) 0.005 0.003 0.016 0.004 0.033 
 216   (0.019) 0.008 0.008 0.020 0.006 0.004 
 189   (0.015) 0.004 0.004 0.014 0.003 0.037 

Locus 4 : 
12 alleles
12.8% missing data
 138   (0.144) 0.140 0.119 0.147 0.104 0.124 
 140   (0.196) 0.194 0.269 0.200 0.105 0.279 
 132   (0.185) 0.219 0.160 0.187 0.143 0.157 
 154   (0.015) 0.006 0.004 0.014 0.005 0.004 
 142   (0.126) 0.153 0.105 0.124 0.143 0.221 
 134   (0.055) 0.030 0.044 0.054 0.082 0.045 
 128   (0.032) 0.016 0.103 0.031 0.022 0.011 
 136   (0.096) 0.074 0.040 0.095 0.241 0.091 
 144   (0.055) 0.079 0.085 0.054 0.015 0.020 
 146   (0.026) 0.023 0.009 0.024 0.006 0.018 
 152   (0.030) 0.026 0.052 0.028 0.012 0.012 
 130   (0.042) 0.040 0.011 0.041 0.122 0.020 

Locus 5 : 
9 alleles
16.3% missing data
 257   (0.393) 0.508 0.572 0.389 0.422 0.399 
 271   (0.058) 0.052 0.018 0.058 0.039 0.031 
 259   (0.313) 0.298 0.267 0.312 0.444 0.396 
 261   (0.075) 0.059 0.077 0.076 0.031 0.101 
 263   (0.020) 0.008 0.009 0.019 0.004 0.020 
 269   (0.027) 0.029 0.025 0.026 0.007 0.011 
 273   (0.084) 0.034 0.023 0.090 0.045 0.027 
 265   (0.017) 0.006 0.004 0.016 0.003 0.004 
 267   (0.015) 0.005 0.005 0.015 0.004 0.011 

Locus 6 : 
15 alleles
4.3% missing data
 147   (0.167) 0.168 0.468 0.167 0.173 0.105 
 141   (0.109) 0.110 0.048 0.109 0.087 0.314 
 149   (0.095) 0.075 0.061 0.094 0.162 0.138 
 159   (0.070) 0.101 0.073 0.071 0.021 0.048 
 137   (0.098) 0.114 0.061 0.100 0.032 0.139 
 139   (0.041) 0.032 0.015 0.041 0.008 0.025 
 161   (0.052) 0.039 0.016 0.051 0.146 0.026 
 151   (0.064) 0.050 0.022 0.064 0.183 0.024 
 153   (0.085) 0.062 0.034 0.086 0.071 0.079 
 165   (0.056) 0.039 0.019 0.056 0.061 0.035 
 145   (0.058) 0.084 0.108 0.057 0.031 0.033 
 135   (0.013) 0.005 0.004 0.013 0.003 0.005 
 157   (0.038) 0.025 0.053 0.039 0.010 0.013 
 143   (0.031) 0.088 0.011 0.030 0.009 0.010 
 155   (0.021) 0.007 0.007 0.022 0.004 0.005 

Locus 7 : 
4 alleles
2.1% missing data
 138   (0.762) 0.725 0.908 0.763 0.731 0.900 
 144   (0.072) 0.073 0.018 0.071 0.100 0.031 
 132   (0.151) 0.192 0.071 0.151 0.166 0.065 
 135   (0.016) 0.011 0.003 0.014 0.003 0.003 

Locus 8 : 
12 alleles
20.6% missing data
 276   (0.065) 0.055 0.067 0.064 0.095 0.020 
 286   (0.140) 0.205 0.113 0.142 0.057 0.104 
 278   (0.206) 0.168 0.238 0.207 0.447 0.144 
 270   (0.031) 0.019 0.023 0.032 0.008 0.014 
 280   (0.223) 0.205 0.266 0.224 0.204 0.332 
 266   (0.037) 0.016 0.036 0.035 0.015 0.098 
 282   (0.144) 0.213 0.122 0.144 0.076 0.167 
 274   (0.030) 0.013 0.014 0.029 0.045 0.006 
 290   (0.029) 0.012 0.007 0.028 0.021 0.083 
 284   (0.033) 0.053 0.010 0.033 0.011 0.012 
 288   (0.039) 0.031 0.098 0.039 0.012 0.014 
 272   (0.023) 0.010 0.006 0.023 0.010 0.005 

Locus 9 : 
15 alleles
3.5% missing data
 146   (0.403) 0.445 0.509 0.408 0.555 0.509 
 178   (0.035) 0.015 0.014 0.037 0.012 0.010 
 170   (0.043) 0.087 0.033 0.043 0.010 0.016 
 166   (0.068) 0.070 0.029 0.068 0.068 0.040 
 172   (0.055) 0.030 0.026 0.055 0.098 0.028 
 168   (0.077) 0.063 0.081 0.075 0.045 0.166 
 162   (0.019) 0.007 0.008 0.018 0.006 0.010 
 148   (0.080) 0.083 0.090 0.078 0.089 0.091 
 160   (0.065) 0.095 0.118 0.063 0.025 0.064 
 174   (0.034) 0.025 0.012 0.035 0.012 0.012 
 158   (0.030) 0.016 0.052 0.029 0.016 0.011 
 154   (0.036) 0.032 0.012 0.035 0.044 0.029 
 164   (0.013) 0.003 0.004 0.012 0.006 0.002 
 180   (0.014) 0.003 0.002 0.014 0.002 0.002 
 142   (0.028) 0.025 0.010 0.028 0.011 0.008 

Locus 10 : 
7 alleles
5.0% missing data
 158   (0.769) 0.823 0.808 0.767 0.921 0.874 
 160   (0.116) 0.129 0.155 0.116 0.037 0.101 
 154   (0.027) 0.012 0.007 0.027 0.013 0.009 
 156   (0.023) 0.019 0.007 0.022 0.016 0.005 
 152   (0.036) 0.009 0.008 0.040 0.006 0.006 
 144   (0.015) 0.004 0.013 0.014 0.003 0.003 
 162   (0.014) 0.004 0.002 0.015 0.003 0.003 

Locus 11 : 
14 alleles
29.1% missing data
 214   (0.163) 0.174 0.080 0.168 0.171 0.071 
 220   (0.145) 0.164 0.231 0.145 0.126 0.107 
 210   (0.085) 0.111 0.042 0.083 0.089 0.135 
 218   (0.247) 0.315 0.345 0.244 0.282 0.532 
 192   (0.018) 0.006 0.006 0.018 0.004 0.005 
 194   (0.016) 0.006 0.005 0.016 0.004 0.004 
 212   (0.037) 0.036 0.043 0.035 0.024 0.011 
 222   (0.087) 0.070 0.126 0.085 0.156 0.066 
 224   (0.026) 0.011 0.014 0.025 0.008 0.012 
 216   (0.087) 0.077 0.067 0.087 0.111 0.032 
 200   (0.017) 0.005 0.003 0.018 0.003 0.003 
 204   (0.017) 0.005 0.003 0.018 0.004 0.003 
 188   (0.038) 0.014 0.031 0.040 0.009 0.010 
 208   (0.017) 0.006 0.004 0.016 0.009 0.006 

Locus 12 : 
17 alleles
18.4% missing data
 144   (0.041) 0.020 0.038 0.041 0.023 0.014 
 162   (0.045) 0.056 0.016 0.047 0.015 0.014 
 170   (0.043) 0.028 0.015 0.042 0.037 0.049 
 148   (0.082) 0.064 0.194 0.080 0.129 0.075 
 142   (0.076) 0.049 0.128 0.075 0.096 0.113 
 154   (0.044) 0.021 0.041 0.044 0.056 0.020 
 146   (0.339) 0.504 0.413 0.343 0.430 0.342 
 164   (0.052) 0.028 0.023 0.052 0.065 0.027 
 168   (0.030) 0.035 0.008 0.031 0.008 0.012 
 156   (0.051) 0.042 0.060 0.049 0.025 0.202 
 172   (0.039) 0.048 0.018 0.038 0.022 0.023 
 166   (0.058) 0.039 0.024 0.059 0.038 0.077 
 158   (0.030) 0.040 0.007 0.031 0.006 0.008 
 150   (0.014) 0.005 0.003 0.014 0.004 0.006 
 174   (0.015) 0.004 0.003 0.016 0.003 0.003 
 182   (0.015) 0.009 0.003 0.015 0.004 0.004 
 160   (0.025) 0.009 0.006 0.025 0.041 0.010 

Locus 13 : 
15 alleles
31.2% missing data
 285   (0.287) 0.253 0.415 0.287 0.303 0.374 
 291   (0.123) 0.093 0.076 0.123 0.312 0.084 
 289   (0.184) 0.394 0.149 0.183 0.114 0.113 
 277   (0.041) 0.019 0.015 0.041 0.073 0.013 
 273   (0.036) 0.013 0.027 0.034 0.014 0.259 
 293   (0.059) 0.046 0.058 0.061 0.019 0.025 
 287   (0.038) 0.025 0.186 0.037 0.012 0.022 
 295   (0.054) 0.023 0.018 0.055 0.090 0.018 
 301   (0.018) 0.006 0.004 0.017 0.013 0.005 
 303   (0.028) 0.013 0.008 0.028 0.010 0.035 
 279   (0.027) 0.034 0.011 0.026 0.010 0.009 
 181   (0.020) 0.006 0.006 0.018 0.005 0.016 
 283   (0.039) 0.015 0.013 0.043 0.010 0.009 
 281   (0.016) 0.008 0.004 0.016 0.006 0.009 
 297   (0.032) 0.053 0.011 0.032 0.008 0.008 

Values of parameters used in structure:
DATAFILE=bws18_structure.txt,	OUTFILE=bws18_structurek5_results,	NUMINDS=141,	NUMLOCI=13,	MISSING=-9,	LABEL=1,	POPDATA=1,	POPFLAG=0,	PHENOTYPE=0,	EXTRACOLS=0,	MAXPOPS=5,	BURNIN=10000,	NUMREPS=20000,	USEPOPINFO=0,	INFERALPHA=1,	INFERLAMBDA=0,	POPSPECIFICLAMBDA=0,	POPALPHAS=0,	COMPUTEPROB=1,	NOADMIX=0,	ADMBURNIN=500,	UPDATEFREQ=100,	PRINTLIKES=0,	INTERMEDSAVE=0,	PRINTKLD=0,	PRINTNET=1,	PRINTLAMBDA=1,	ANCESTDIST=0,	NUMBOXES=1000,	ANCESTPINT=0.90000,	GENSBACK=2,	MIGRPRIOR=0.01000,	PRINTQHAT=0,	PRINTQSUM=1,	ALPHA=1.0000,	FREQSCORR=1,	FPRIORMEAN=0.0100,	FPRIORSD=0.0500,	ONEFST=0,	LAMBDA=1.0000,	UNIFPRIORALPHA=1,	ALPHAMAX=10.0000,	ALPHAPRIORA=1.0000,	ALPHAPRIORB=2.0000,	ALPHAPROPSD=0.0250,	STARTATPOPINFO=0,	RANDOMIZE=1,	LINKAGE=0,	METROFREQ=10,	REPORTHITRATE=0,	MARKOVPHASE=0,	PHASED=0,	PLOIDY=2,	PHASEINFO=0	LOCPRIOR=0, 	LOCPRIORINIT=1.000000, 	LOCDATA=0, 	LOCISPOP=1, 	LOCPRIORSTEP=0.100000, 	MAXLOCPRIOR=20.000000, 	SEED=1680179526,	
[STRAT parameters]:    NUMSIMSTATS=1000,	PHENOTYPECOL=-9,	POOLFREQ=10,	LOCUSxONLY=0,	EMERROR=0.00100,	MISSINGPHENO=-9,	