

----------------------------------------------------
STRUCTURE by Pritchard, Stephens and Donnelly (2000)
     and Falush, Stephens and Pritchard (2003)
       Code by Pritchard, Falush and Hubisz
             Version 2.3.4 (Jul 2012)
----------------------------------------------------



Command line arguments:   ./structure -m mainparams_bws18_k6 
Input File:    bws18_structure.txt

Run parameters:
   141 individuals
   13 loci
   6 populations assumed
   10000 Burn-in period
   20000 Reps


--------------------------------------------
Proportion of membership of each pre-defined
 population in each of the 6 clusters

Given    Inferred Clusters                            Number of
 Pop       1      2      3      4      5      6      Individuals

 17:     0.200  0.160  0.118  0.222  0.212  0.088       18
 22:     0.131  0.179  0.261  0.205  0.165  0.060       11
 29:     0.197  0.162  0.236  0.164  0.145  0.095       14
 62:     0.094  0.228  0.184  0.170  0.158  0.166       20
122:     0.315  0.158  0.113  0.206  0.132  0.077       14
193:     0.127  0.144  0.244  0.145  0.129  0.211       14
205:     0.146  0.125  0.306  0.183  0.169  0.070       21
286:     0.150  0.160  0.237  0.145  0.181  0.127       14
328:     0.117  0.189  0.095  0.137  0.156  0.305       15
--------------------------------------------

Allele-freq. divergence among pops (Net nucleotide distance),
computed using point estimates of P.

      1       2       3       4       5       6      
 1      -    0.0127  0.0140  0.0058  0.0101  0.0260  
 2   0.0127     -    0.0190  0.0059  0.0079  0.0342  
 3   0.0140  0.0190     -    0.0159  0.0198  0.0345  
 4   0.0058  0.0059  0.0159     -    0.0039  0.0263  
 5   0.0101  0.0079  0.0198  0.0039     -    0.0288  
 6   0.0260  0.0342  0.0345  0.0263  0.0288     -    

Average distances (expected heterozygosity) between individuals in same cluster:
cluster  1  : 0.7336 
cluster  2  : 0.6714 
cluster  3  : 0.6677 
cluster  4  : 0.6980 
cluster  5  : 0.6902 
cluster  6  : 0.6381 

--------------------------------------------
Estimated Ln Prob of Data   = -5373.6
Mean value of ln likelihood = -4791.6
Variance of ln likelihood   = 1164.0
Mean value of alpha         = 0.0747

Mean value of Fst_1         = 0.0285
Mean value of Fst_2         = 0.0922
Mean value of Fst_3         = 0.0850
Mean value of Fst_4         = 0.0701
Mean value of Fst_5         = 0.0826
Mean value of Fst_6         = 0.1464


Inferred ancestry of individuals:
        Label (%Miss) Pop:  Inferred clusters
  1    0079C    (0)   17 :  0.681 0.041 0.053 0.079 0.044 0.102 
  2    0079D    (0)   17 :  0.119 0.387 0.069 0.331 0.063 0.032 
  3    0079E   (23)   17 :  0.247 0.149 0.040 0.260 0.269 0.035 
  4    0079G    (0)   17 :  0.245 0.151 0.159 0.197 0.107 0.141 
  5    0082A    (0)   17 :  0.114 0.052 0.031 0.314 0.466 0.024 
  6    0082B    (0)   17 :  0.026 0.388 0.025 0.132 0.409 0.019 
  7    0082C   (15)   17 :  0.024 0.033 0.180 0.043 0.055 0.665 
  8    0082D   (23)   17 :  0.146 0.213 0.261 0.131 0.138 0.109 
  9    0121B   (38)   22 :  0.051 0.048 0.084 0.333 0.446 0.037 
 10    0121C    (0)   22 :  0.105 0.055 0.645 0.086 0.048 0.060 
 11    0147A   (38)   29 :  0.175 0.195 0.061 0.186 0.146 0.237 
 12    0147B    (7)   29 :  0.039 0.078 0.746 0.056 0.039 0.041 
 13    0147D   (30)   29 :  0.220 0.416 0.172 0.073 0.099 0.020 
 14    0167A    (0)   17 :  0.238 0.239 0.077 0.290 0.137 0.019 
 15    0167B    (0)   17 :  0.114 0.178 0.033 0.366 0.223 0.086 
 16    0167C    (0)   17 :  0.068 0.097 0.045 0.311 0.455 0.022 
 17    0309A    (0)   62 :  0.022 0.593 0.034 0.140 0.184 0.028 
 18    0309C    (0)   62 :  0.184 0.289 0.116 0.276 0.099 0.036 
 19    0309D   (30)   62 :  0.026 0.598 0.073 0.086 0.183 0.034 
 20    0309E   (15)   62 :  0.059 0.456 0.025 0.216 0.179 0.065 
 21    0625A    (7)   122 :  0.120 0.395 0.080 0.223 0.140 0.042 
 22    0625B    (0)   122 :  0.156 0.204 0.048 0.292 0.211 0.089 
 23    0625C    (0)   122 :  0.179 0.226 0.019 0.353 0.104 0.119 
 24    0625D    (0)   122 :  0.082 0.201 0.120 0.256 0.104 0.238 
 25    1029C   (23)   193 :  0.045 0.230 0.550 0.059 0.080 0.037 
 26    1029D   (30)   193 :  0.096 0.101 0.536 0.101 0.075 0.090 
 27    1029G   (46)   193 :  0.135 0.280 0.129 0.167 0.233 0.056 
 28    1187A    (0)   29 :  0.072 0.118 0.704 0.056 0.031 0.019 
 29    1187B    (0)   29 :  0.192 0.162 0.163 0.130 0.142 0.210 
 30    1187C    (0)   29 :  0.051 0.245 0.531 0.103 0.044 0.026 
 31    1187D   (15)   29 :  0.139 0.120 0.142 0.264 0.271 0.064 
 32    1187E    (0)   29 :  0.061 0.092 0.021 0.217 0.358 0.251 
 33    1314A   (15)   193 :  0.027 0.024 0.032 0.055 0.080 0.782 
 34    1314B   (15)   193 :  0.078 0.261 0.056 0.237 0.152 0.216 
 35    1314C    (0)   193 :  0.071 0.329 0.118 0.318 0.125 0.039 
 36    1314D    (0)   193 :  0.117 0.124 0.501 0.107 0.089 0.063 
 37    1314E    (7)   193 :  0.068 0.073 0.047 0.121 0.194 0.498 
 38    1319A    (0)   62 :  0.061 0.335 0.054 0.195 0.289 0.066 
 39    1319B    (7)   62 :  0.048 0.308 0.066 0.308 0.169 0.102 
 40    1600A    (0)   29 :  0.135 0.317 0.036 0.320 0.151 0.040 
 41    1600B    (0)   29 :  0.320 0.122 0.105 0.200 0.188 0.065 
 42    1600C    (7)   29 :  0.099 0.074 0.506 0.067 0.082 0.173 
 43    1630A    (7)   193 :  0.114 0.053 0.631 0.085 0.070 0.048 
 44    1630B   (15)   193 :  0.024 0.023 0.068 0.023 0.022 0.841 
 45    1630C   (46)   193 :  0.078 0.185 0.359 0.154 0.173 0.049 
 46    1711A    (7)   286 :  0.023 0.389 0.023 0.137 0.401 0.026 
 47    1711B    (0)   286 :  0.074 0.396 0.040 0.098 0.365 0.027 
 48    1711C   (46)   286 :  0.032 0.034 0.040 0.047 0.031 0.817 
 49    1711D   (23)   286 :  0.115 0.285 0.157 0.164 0.233 0.045 
 50    1711E   (30)   286 :  0.061 0.577 0.107 0.068 0.157 0.030 
 51    1715A    (0)   205 :  0.074 0.044 0.632 0.061 0.040 0.150 
 52    1715B    (0)   205 :  0.042 0.051 0.772 0.050 0.036 0.050 
 53    1715C    (0)   205 :  0.240 0.035 0.372 0.095 0.189 0.069 
 54    1715D    (0)   205 :  0.119 0.334 0.049 0.342 0.134 0.021 
 55    1715E    (0)   205 :  0.048 0.096 0.579 0.136 0.071 0.070 
 56    1726A    (0)   205 :  0.045 0.030 0.769 0.053 0.051 0.053 
 57    1726B   (23)   205 :  0.149 0.049 0.160 0.214 0.264 0.164 
 58    1783A   (46)   205 :  0.215 0.100 0.484 0.084 0.087 0.030 
 59    1783B    (0)   205 :  0.052 0.309 0.422 0.046 0.116 0.054 
 60    1783C    (0)   205 :  0.112 0.130 0.449 0.117 0.142 0.050 
 61    1783D    (0)   205 :  0.051 0.078 0.771 0.044 0.027 0.029 
 62    1783E    (0)   205 :  0.627 0.041 0.048 0.136 0.110 0.038 
 63    2008C    (0)   62 :  0.117 0.188 0.478 0.075 0.122 0.020 
 64    2008D    (0)   62 :  0.213 0.145 0.076 0.334 0.194 0.037 
 65    2008E    (7)   62 :  0.044 0.427 0.099 0.155 0.159 0.116 
 66    2008F   (38)   62 :  0.064 0.067 0.134 0.110 0.142 0.482 
 67    2008G    (7)   62 :  0.074 0.327 0.176 0.281 0.108 0.033 
 68    2008H    (0)   62 :  0.024 0.022 0.040 0.036 0.066 0.812 
 69    2033A   (23)   328 :  0.169 0.127 0.194 0.194 0.275 0.042 
 70    2159A    (0)   328 :  0.025 0.086 0.026 0.098 0.055 0.710 
 71    2159B    (0)   328 :  0.011 0.013 0.009 0.051 0.011 0.905 
 72    2159C    (0)   328 :  0.182 0.205 0.112 0.337 0.083 0.080 
 73    2159D    (0)   328 :  0.010 0.012 0.009 0.050 0.010 0.909 
 74    2159E    (0)   328 :  0.042 0.107 0.367 0.112 0.143 0.229 
 75    2341B    (7)   62 :  0.024 0.303 0.012 0.274 0.361 0.026 
 76    2341C    (0)   62 :  0.419 0.033 0.404 0.038 0.082 0.024 
 77    2351A    (0)   62 :  0.086 0.046 0.033 0.352 0.442 0.041 
 78    2366A   (46)   122 :  0.371 0.107 0.098 0.076 0.144 0.203 
 79    2366B   (46)   122 :  0.164 0.116 0.369 0.171 0.117 0.062 
 80    2366C    (0)   122 :  0.679 0.029 0.176 0.057 0.037 0.021 
 81    2366D    (0)   122 :  0.633 0.037 0.021 0.110 0.147 0.052 
 82    2409A   (15)   122 :  0.041 0.064 0.028 0.323 0.514 0.031 
 83    2423C    (0)   205 :  0.153 0.137 0.205 0.219 0.112 0.174 
 84    2423D    (7)   205 :  0.082 0.354 0.044 0.406 0.094 0.021 
 85    2423E   (30)   205 :  0.570 0.044 0.054 0.178 0.136 0.017 
 86    2856A   (23)   22 :  0.067 0.070 0.629 0.063 0.135 0.036 
 87    2856B    (7)   22 :  0.594 0.054 0.167 0.051 0.069 0.064 
 88    2856C    (7)   22 :  0.062 0.294 0.046 0.186 0.373 0.039 
 89    2856E   (23)   22 :  0.068 0.326 0.032 0.346 0.171 0.057 
 90    3026A    (0)   17 :  0.249 0.032 0.492 0.070 0.106 0.051 
 91    3026B   (15)   17 :  0.347 0.226 0.037 0.164 0.169 0.057 
 92    3253A    (0)   205 :  0.104 0.430 0.049 0.269 0.122 0.027 
 93    3280A    (0)   328 :  0.044 0.492 0.031 0.154 0.254 0.024 
 94    3280B    (0)   328 :  0.256 0.157 0.018 0.346 0.130 0.094 
 95    3760C   (23)   122 :  0.960 0.007 0.011 0.010 0.007 0.005 
 96    4249A    (0)   193 :  0.375 0.051 0.076 0.194 0.252 0.051 
 97    4316A    (7)   17 :  0.184 0.058 0.098 0.309 0.310 0.040 
 98    4316B    (0)   17 :  0.226 0.220 0.084 0.275 0.147 0.047 
 99    4316C   (15)   17 :  0.367 0.087 0.130 0.212 0.129 0.075 
100    4316D   (15)   17 :  0.047 0.294 0.257 0.159 0.217 0.026 
101    4316E   (15)   17 :  0.168 0.040 0.047 0.348 0.367 0.030 
102    5597A   (23)   22 :  0.190 0.101 0.239 0.257 0.116 0.097 
103    5597B    (0)   22 :  0.048 0.431 0.134 0.228 0.136 0.023 
104    5597C    (0)   22 :  0.106 0.163 0.228 0.249 0.137 0.117 
105    5597D   (23)   22 :  0.046 0.095 0.597 0.097 0.080 0.085 
106    5637A    (0)   205 :  0.044 0.044 0.021 0.351 0.483 0.057 
107    5637C    (7)   205 :  0.114 0.104 0.384 0.140 0.073 0.186 
108    5637D   (38)   205 :  0.134 0.140 0.125 0.244 0.233 0.123 
109    5637E   (46)   205 :  0.068 0.056 0.025 0.324 0.487 0.040 
110    5637G   (46)   205 :  0.029 0.023 0.016 0.346 0.538 0.047 
111    5912A    (0)   286 :  0.130 0.054 0.036 0.379 0.383 0.018 
112    5912B    (0)   286 :  0.030 0.076 0.748 0.057 0.034 0.055 
113    5912C   (30)   286 :  0.070 0.048 0.041 0.372 0.448 0.021 
114    5912D   (30)   286 :  0.302 0.068 0.222 0.221 0.105 0.082 
115    5912E   (15)   286 :  0.108 0.098 0.528 0.127 0.059 0.080 
116    5954B   (38)   286 :  0.673 0.053 0.037 0.063 0.038 0.136 
117    5954C   (46)   286 :  0.047 0.088 0.109 0.156 0.230 0.370 
118    5954D   (46)   286 :  0.073 0.056 0.737 0.058 0.039 0.038 
119    5954E   (53)   286 :  0.359 0.019 0.490 0.089 0.014 0.029 
120    6136A    (0)   29 :  0.086 0.137 0.040 0.280 0.350 0.106 
121    6136B    (7)   29 :  0.778 0.041 0.013 0.049 0.070 0.049 
122    6136C   (15)   29 :  0.394 0.145 0.068 0.299 0.059 0.035 
123    6337A    (7)   328 :  0.041 0.530 0.012 0.077 0.330 0.010 
124    6337B    (0)   328 :  0.035 0.490 0.087 0.071 0.292 0.025 
125    6337C    (0)   328 :  0.081 0.294 0.036 0.134 0.427 0.028 
126    6337D   (15)   328 :  0.018 0.013 0.041 0.017 0.020 0.891 
127    6337E    (7)   328 :  0.211 0.041 0.041 0.085 0.096 0.526 
128    6382C    (0)   122 :  0.254 0.185 0.362 0.077 0.081 0.040 
129    6382E    (0)   122 :  0.278 0.203 0.031 0.360 0.039 0.089 
130    6382F   (46)   122 :  0.112 0.348 0.014 0.456 0.046 0.024 
131    6382G   (15)   122 :  0.386 0.084 0.210 0.114 0.150 0.056 
132    6514C    (0)   62 :  0.121 0.144 0.478 0.104 0.125 0.028 
133    6514E    (0)   62 :  0.049 0.083 0.566 0.130 0.074 0.098 
134    6514F    (0)   62 :  0.100 0.136 0.038 0.227 0.110 0.388 
135    6514G   (30)   62 :  0.114 0.034 0.752 0.041 0.036 0.024 
136    6514H   (15)   62 :  0.021 0.019 0.033 0.028 0.042 0.856 
137    6546B   (23)   328 :  0.459 0.148 0.035 0.231 0.109 0.018 
138    6546C   (30)   328 :  0.176 0.120 0.401 0.103 0.112 0.087 
139    6706A   (23)   193 :  0.158 0.186 0.107 0.259 0.187 0.103 
140    6706B   (30)   193 :  0.397 0.096 0.206 0.146 0.073 0.082 
141    6723B   (46)   22 :  0.099 0.330 0.076 0.354 0.102 0.040 


Estimated Allele Frequencies in each cluster
First column gives estimated ancestral frequencies


Locus 1 : 
8 alleles
3.5% missing data
 148   (0.682) 0.686 0.781 0.794 0.744 0.715 0.618 
 146   (0.125) 0.104 0.120 0.112 0.094 0.131 0.329 
 147   (0.099) 0.104 0.076 0.044 0.120 0.115 0.034 
 142   (0.023) 0.022 0.006 0.020 0.009 0.012 0.006 
 137   (0.015) 0.010 0.005 0.004 0.009 0.006 0.003 
 161   (0.025) 0.046 0.005 0.005 0.008 0.008 0.004 
 172   (0.014) 0.009 0.004 0.003 0.009 0.009 0.003 
 151   (0.017) 0.019 0.004 0.019 0.007 0.004 0.003 

Locus 2 : 
16 alleles
5.7% missing data
 197   (0.289) 0.303 0.440 0.225 0.351 0.304 0.337 
 205   (0.106) 0.117 0.127 0.139 0.104 0.092 0.032 
 199   (0.071) 0.076 0.045 0.141 0.063 0.054 0.023 
 201   (0.162) 0.188 0.098 0.165 0.154 0.157 0.295 
 203   (0.047) 0.054 0.023 0.011 0.109 0.171 0.015 
 213   (0.038) 0.027 0.078 0.021 0.036 0.046 0.009 
 227   (0.033) 0.026 0.018 0.012 0.018 0.016 0.127 
 221   (0.026) 0.016 0.008 0.024 0.013 0.010 0.095 
 211   (0.062) 0.049 0.051 0.102 0.060 0.042 0.022 
 215   (0.026) 0.018 0.017 0.007 0.021 0.034 0.012 
 217   (0.032) 0.019 0.051 0.029 0.016 0.028 0.006 
 193   (0.036) 0.044 0.017 0.070 0.019 0.017 0.009 
 191   (0.026) 0.019 0.013 0.044 0.015 0.016 0.008 
 219   (0.015) 0.011 0.005 0.003 0.009 0.005 0.004 
 241   (0.017) 0.020 0.003 0.003 0.004 0.004 0.002 
 207   (0.014) 0.012 0.004 0.004 0.007 0.005 0.003 

Locus 3 : 
9 alleles
12.8% missing data
 201   (0.266) 0.250 0.279 0.386 0.268 0.236 0.323 
 207   (0.326) 0.376 0.255 0.385 0.346 0.289 0.379 
 204   (0.210) 0.208 0.264 0.141 0.225 0.317 0.191 
 210   (0.101) 0.082 0.106 0.060 0.121 0.101 0.078 
 219   (0.018) 0.010 0.029 0.005 0.008 0.012 0.004 
 198   (0.022) 0.023 0.008 0.007 0.010 0.011 0.008 
 213   (0.019) 0.011 0.028 0.007 0.007 0.011 0.004 
 216   (0.019) 0.029 0.006 0.005 0.007 0.006 0.010 
 189   (0.018) 0.010 0.026 0.004 0.007 0.018 0.003 

Locus 4 : 
12 alleles
12.8% missing data
 138   (0.135) 0.170 0.156 0.100 0.113 0.088 0.146 
 140   (0.187) 0.198 0.175 0.115 0.252 0.357 0.153 
 132   (0.171) 0.192 0.191 0.147 0.193 0.146 0.162 
 154   (0.015) 0.011 0.006 0.005 0.007 0.006 0.005 
 142   (0.135) 0.111 0.209 0.153 0.155 0.182 0.059 
 134   (0.058) 0.057 0.037 0.088 0.034 0.038 0.054 
 128   (0.032) 0.021 0.010 0.018 0.014 0.016 0.168 
 136   (0.106) 0.115 0.102 0.222 0.086 0.071 0.039 
 144   (0.058) 0.055 0.039 0.017 0.065 0.039 0.105 
 146   (0.028) 0.020 0.021 0.007 0.020 0.019 0.008 
 152   (0.030) 0.019 0.013 0.016 0.020 0.013 0.079 
 130   (0.046) 0.031 0.042 0.111 0.042 0.027 0.022 

Locus 5 : 
9 alleles
16.3% missing data
 257   (0.419) 0.425 0.464 0.416 0.439 0.385 0.657 
 271   (0.054) 0.075 0.038 0.031 0.039 0.033 0.017 
 259   (0.320) 0.273 0.375 0.441 0.328 0.365 0.257 
 261   (0.069) 0.060 0.060 0.041 0.105 0.109 0.029 
 263   (0.021) 0.014 0.018 0.005 0.014 0.011 0.011 
 269   (0.022) 0.015 0.008 0.006 0.033 0.045 0.004 
 273   (0.059) 0.110 0.023 0.053 0.029 0.031 0.016 
 265   (0.018) 0.019 0.005 0.004 0.007 0.007 0.004 
 267   (0.018) 0.010 0.010 0.004 0.007 0.013 0.004 

Locus 6 : 
15 alleles
4.3% missing data
 147   (0.172) 0.173 0.094 0.164 0.178 0.192 0.556 
 141   (0.113) 0.098 0.255 0.103 0.135 0.149 0.034 
 149   (0.101) 0.083 0.119 0.166 0.085 0.101 0.077 
 159   (0.067) 0.067 0.050 0.022 0.107 0.116 0.019 
 137   (0.089) 0.092 0.135 0.039 0.105 0.113 0.031 
 139   (0.039) 0.048 0.021 0.009 0.029 0.031 0.009 
 161   (0.051) 0.039 0.039 0.150 0.038 0.031 0.022 
 151   (0.067) 0.063 0.039 0.181 0.053 0.044 0.021 
 153   (0.080) 0.126 0.081 0.057 0.051 0.054 0.027 
 165   (0.057) 0.065 0.043 0.047 0.042 0.041 0.014 
 145   (0.061) 0.052 0.049 0.030 0.059 0.037 0.159 
 135   (0.016) 0.010 0.008 0.005 0.007 0.008 0.003 
 157   (0.034) 0.035 0.013 0.011 0.039 0.054 0.015 
 143   (0.033) 0.026 0.051 0.014 0.061 0.017 0.010 
 155   (0.021) 0.024 0.005 0.004 0.011 0.013 0.004 

Locus 7 : 
4 alleles
2.1% missing data
 138   (0.763) 0.765 0.814 0.737 0.774 0.846 0.912 
 144   (0.074) 0.078 0.065 0.090 0.058 0.034 0.019 
 132   (0.147) 0.148 0.112 0.169 0.159 0.115 0.067 
 135   (0.015) 0.009 0.009 0.004 0.009 0.005 0.003 

Locus 8 : 
12 alleles
20.6% missing data
 276   (0.072) 0.075 0.030 0.095 0.050 0.033 0.097 
 286   (0.139) 0.169 0.140 0.063 0.161 0.144 0.084 
 278   (0.210) 0.218 0.167 0.411 0.176 0.202 0.276 
 270   (0.027) 0.024 0.018 0.007 0.030 0.026 0.010 
 280   (0.221) 0.201 0.264 0.214 0.259 0.320 0.191 
 266   (0.038) 0.025 0.061 0.019 0.033 0.065 0.022 
 282   (0.140) 0.144 0.192 0.073 0.193 0.131 0.124 
 274   (0.029) 0.021 0.010 0.047 0.012 0.011 0.023 
 290   (0.029) 0.024 0.067 0.028 0.015 0.023 0.008 
 284   (0.035) 0.035 0.029 0.012 0.038 0.017 0.011 
 288   (0.040) 0.038 0.013 0.019 0.023 0.019 0.151 
 272   (0.021) 0.027 0.006 0.012 0.008 0.009 0.005 

Locus 9 : 
15 alleles
3.5% missing data
 146   (0.403) 0.461 0.480 0.544 0.444 0.457 0.516 
 178   (0.034) 0.060 0.008 0.009 0.016 0.019 0.007 
 170   (0.038) 0.034 0.047 0.012 0.063 0.023 0.039 
 166   (0.066) 0.055 0.057 0.070 0.060 0.061 0.024 
 172   (0.050) 0.040 0.043 0.093 0.038 0.033 0.026 
 168   (0.077) 0.053 0.135 0.045 0.092 0.089 0.094 
 162   (0.018) 0.013 0.006 0.006 0.013 0.018 0.004 
 148   (0.086) 0.067 0.085 0.096 0.094 0.116 0.051 
 160   (0.069) 0.050 0.063 0.027 0.094 0.093 0.120 
 174   (0.034) 0.047 0.016 0.011 0.019 0.018 0.009 
 158   (0.032) 0.021 0.014 0.020 0.014 0.014 0.085 
 154   (0.036) 0.042 0.027 0.042 0.024 0.034 0.012 
 164   (0.015) 0.010 0.003 0.008 0.005 0.006 0.004 
 180   (0.015) 0.019 0.003 0.003 0.004 0.003 0.002 
 142   (0.027) 0.028 0.013 0.013 0.020 0.016 0.008 

Locus 10 : 
7 alleles
5.0% missing data
 158   (0.777) 0.755 0.887 0.908 0.826 0.829 0.789 
 160   (0.121) 0.124 0.083 0.042 0.129 0.130 0.166 
 154   (0.024) 0.018 0.010 0.018 0.013 0.013 0.007 
 156   (0.021) 0.021 0.008 0.017 0.015 0.010 0.007 
 152   (0.025) 0.061 0.006 0.005 0.007 0.007 0.005 
 144   (0.016) 0.008 0.003 0.004 0.004 0.004 0.023 
 162   (0.016) 0.012 0.004 0.006 0.006 0.006 0.003 

Locus 11 : 
14 alleles
29.1% missing data
 214   (0.151) 0.244 0.103 0.145 0.135 0.115 0.060 
 220   (0.150) 0.147 0.125 0.143 0.137 0.122 0.286 
 210   (0.088) 0.071 0.146 0.090 0.103 0.078 0.050 
 218   (0.275) 0.219 0.448 0.294 0.356 0.401 0.321 
 192   (0.017) 0.012 0.007 0.005 0.010 0.011 0.004 
 194   (0.017) 0.013 0.007 0.005 0.010 0.011 0.004 
 212   (0.032) 0.024 0.017 0.025 0.025 0.018 0.067 
 222   (0.099) 0.076 0.079 0.150 0.101 0.103 0.097 
 224   (0.016) 0.010 0.006 0.005 0.019 0.026 0.004 
 216   (0.080) 0.080 0.036 0.113 0.075 0.087 0.051 
 200   (0.015) 0.022 0.004 0.004 0.005 0.004 0.003 
 204   (0.016) 0.023 0.004 0.004 0.005 0.005 0.003 
 188   (0.028) 0.046 0.009 0.008 0.013 0.015 0.044 
 208   (0.016) 0.013 0.008 0.010 0.006 0.006 0.004 

Locus 12 : 
17 alleles
18.4% missing data
 144   (0.040) 0.070 0.015 0.015 0.018 0.021 0.032 
 162   (0.037) 0.064 0.027 0.014 0.037 0.018 0.014 
 170   (0.046) 0.038 0.044 0.036 0.035 0.039 0.013 
 148   (0.085) 0.070 0.070 0.117 0.093 0.122 0.184 
 142   (0.075) 0.059 0.072 0.104 0.093 0.150 0.062 
 154   (0.041) 0.031 0.015 0.059 0.033 0.044 0.036 
 146   (0.357) 0.359 0.387 0.433 0.441 0.367 0.490 
 164   (0.054) 0.057 0.032 0.060 0.032 0.040 0.021 
 168   (0.030) 0.029 0.022 0.012 0.024 0.019 0.007 
 156   (0.053) 0.037 0.164 0.028 0.055 0.063 0.090 
 172   (0.036) 0.025 0.041 0.020 0.043 0.029 0.013 
 166   (0.052) 0.059 0.061 0.038 0.039 0.049 0.017 
 158   (0.029) 0.038 0.021 0.007 0.028 0.012 0.006 
 150   (0.015) 0.009 0.009 0.005 0.007 0.008 0.003 
 174   (0.014) 0.021 0.003 0.003 0.004 0.004 0.003 
 182   (0.012) 0.009 0.006 0.004 0.008 0.006 0.003 
 160   (0.023) 0.026 0.008 0.046 0.012 0.008 0.006 

Locus 13 : 
15 alleles
31.2% missing data
 285   (0.296) 0.289 0.296 0.308 0.303 0.355 0.437 
 291   (0.125) 0.132 0.124 0.293 0.097 0.077 0.092 
 289   (0.176) 0.159 0.232 0.124 0.296 0.201 0.101 
 277   (0.043) 0.044 0.018 0.065 0.024 0.021 0.022 
 273   (0.041) 0.027 0.151 0.020 0.038 0.130 0.011 
 293   (0.050) 0.072 0.028 0.016 0.059 0.051 0.026 
 287   (0.045) 0.039 0.018 0.015 0.034 0.037 0.237 
 295   (0.048) 0.056 0.021 0.087 0.025 0.029 0.015 
 301   (0.017) 0.011 0.006 0.016 0.007 0.007 0.005 
 303   (0.026) 0.018 0.034 0.011 0.018 0.024 0.008 
 279   (0.030) 0.024 0.018 0.015 0.029 0.014 0.013 
 181   (0.019) 0.011 0.011 0.005 0.010 0.014 0.005 
 283   (0.033) 0.070 0.010 0.009 0.013 0.011 0.014 
 281   (0.018) 0.011 0.015 0.006 0.011 0.008 0.004 
 297   (0.034) 0.038 0.020 0.010 0.036 0.020 0.010 

Values of parameters used in structure:
DATAFILE=bws18_structure.txt,	OUTFILE=bws18_structurek6_results,	NUMINDS=141,	NUMLOCI=13,	MISSING=-9,	LABEL=1,	POPDATA=1,	POPFLAG=0,	PHENOTYPE=0,	EXTRACOLS=0,	MAXPOPS=6,	BURNIN=10000,	NUMREPS=20000,	USEPOPINFO=0,	INFERALPHA=1,	INFERLAMBDA=0,	POPSPECIFICLAMBDA=0,	POPALPHAS=0,	COMPUTEPROB=1,	NOADMIX=0,	ADMBURNIN=500,	UPDATEFREQ=100,	PRINTLIKES=0,	INTERMEDSAVE=0,	PRINTKLD=0,	PRINTNET=1,	PRINTLAMBDA=1,	ANCESTDIST=0,	NUMBOXES=1000,	ANCESTPINT=0.90000,	GENSBACK=2,	MIGRPRIOR=0.01000,	PRINTQHAT=0,	PRINTQSUM=1,	ALPHA=1.0000,	FREQSCORR=1,	FPRIORMEAN=0.0100,	FPRIORSD=0.0500,	ONEFST=0,	LAMBDA=1.0000,	UNIFPRIORALPHA=1,	ALPHAMAX=10.0000,	ALPHAPRIORA=1.0000,	ALPHAPRIORB=2.0000,	ALPHAPROPSD=0.0250,	STARTATPOPINFO=0,	RANDOMIZE=1,	LINKAGE=0,	METROFREQ=10,	REPORTHITRATE=0,	MARKOVPHASE=0,	PHASED=0,	PLOIDY=2,	PHASEINFO=0	LOCPRIOR=0, 	LOCPRIORINIT=1.000000, 	LOCDATA=0, 	LOCISPOP=1, 	LOCPRIORSTEP=0.100000, 	MAXLOCPRIOR=20.000000, 	SEED=1680179576,	
[STRAT parameters]:    NUMSIMSTATS=1000,	PHENOTYPECOL=-9,	POOLFREQ=10,	LOCUSxONLY=0,	EMERROR=0.00100,	MISSINGPHENO=-9,	