

----------------------------------------------------
STRUCTURE by Pritchard, Stephens and Donnelly (2000)
     and Falush, Stephens and Pritchard (2003)
       Code by Pritchard, Falush and Hubisz
             Version 2.3.4 (Jul 2012)
----------------------------------------------------



Command line arguments:   ./structure -m mainparams_bws18_k8_3 
Input File:    bws18_structure.txt

Run parameters:
   136 individuals
   13 loci
   8 populations assumed
   10000 Burn-in period
   20000 Reps


--------------------------------------------
Proportion of membership of each pre-defined
 population in each of the 8 clusters

Given    Inferred Clusters                                          Number of
 Pop       1      2      3      4      5      6      7      8      Individuals

 17:     0.158  0.100  0.006  0.118  0.205  0.164  0.063  0.186       18
 22:     0.111  0.201  0.087  0.079  0.150  0.122  0.161  0.090       11
 29:     0.171  0.188  0.032  0.098  0.193  0.106  0.036  0.175       13
 62:     0.128  0.201  0.041  0.093  0.109  0.173  0.081  0.174       20
122:     0.065  0.091  0.129  0.136  0.069  0.313  0.084  0.113       14
193:     0.076  0.145  0.129  0.110  0.144  0.130  0.152  0.113       14
205:     0.063  0.301  0.021  0.079  0.045  0.137  0.171  0.184       19
286:     0.186  0.089  0.289  0.063  0.080  0.036  0.222  0.035       13
328:     0.256  0.111  0.041  0.129  0.047  0.197  0.076  0.144       14
--------------------------------------------

Allele-freq. divergence among pops (Net nucleotide distance),
computed using point estimates of P.

      1       2       3       4       5       6       7       8      
 1      -    0.0261  0.2028  0.0203  0.0888  0.0292  0.2062  0.0232  
 2   0.0261     -    0.1956  0.0133  0.0849  0.0176  0.2023  0.0233  
 3   0.2028  0.1956     -    0.1655  0.1787  0.1928  0.1350  0.1958  
 4   0.0203  0.0133  0.1655     -    0.0694  0.0135  0.1771  0.0171  
 5   0.0888  0.0849  0.1787  0.0694     -    0.0920  0.1217  0.0782  
 6   0.0292  0.0176  0.1928  0.0135  0.0920     -    0.1993  0.0201  
 7   0.2062  0.2023  0.1350  0.1771  0.1217  0.1993     -    0.1965  
 8   0.0232  0.0233  0.1958  0.0171  0.0782  0.0201  0.1965     -    

Average distances (expected heterozygosity) between individuals in same cluster:
cluster  1  : 0.6743 
cluster  2  : 0.6841 
cluster  3  : 0.5572 
cluster  4  : 0.7640 
cluster  5  : 0.6205 
cluster  6  : 0.6986 
cluster  7  : 0.4365 
cluster  8  : 0.6732 

--------------------------------------------
Estimated Ln Prob of Data   = -5825.1
Mean value of ln likelihood = -5279.3
Variance of ln likelihood   = 1091.5
Mean value of alpha         = 0.0605

Mean value of Fst_1         = 0.0997
Mean value of Fst_2         = 0.0776
Mean value of Fst_3         = 0.3810
Mean value of Fst_4         = 0.0368
Mean value of Fst_5         = 0.1915
Mean value of Fst_6         = 0.0774
Mean value of Fst_7         = 0.4202
Mean value of Fst_8         = 0.1077


Inferred ancestry of individuals:
        Label (%Miss) Pop:  Inferred clusters
  1    0079C    (0)   17 :  0.014 0.031 0.004 0.041 0.008 0.877 0.005 0.020 
  2    0079D    (0)   17 :  0.106 0.155 0.005 0.060 0.019 0.422 0.005 0.229 
  3    0079E    (0)   17 :  0.047 0.026 0.005 0.181 0.417 0.019 0.233 0.072 
  4    0079G    (0)   17 :  0.298 0.135 0.005 0.062 0.010 0.342 0.009 0.139 
  5    0082A    (0)   17 :  0.394 0.025 0.003 0.345 0.027 0.100 0.006 0.100 
  6    0082B    (0)   17 :  0.899 0.017 0.010 0.016 0.009 0.022 0.007 0.020 
  7    0082C    (0)   17 :  0.099 0.197 0.010 0.074 0.072 0.034 0.484 0.030 
  8    0082D    (0)   17 :  0.011 0.013 0.006 0.014 0.923 0.009 0.007 0.018 
  9    0121B    (0)   22 :  0.098 0.047 0.015 0.113 0.069 0.027 0.571 0.061 
 10    0121C    (0)   22 :  0.014 0.775 0.005 0.031 0.005 0.137 0.005 0.029 
 11    0147A    (0)   29 :  0.005 0.006 0.143 0.009 0.781 0.007 0.041 0.010 
 12    0147B    (0)   29 :  0.016 0.641 0.025 0.050 0.076 0.077 0.030 0.085 
 13    0147D    (0)   29 :  0.013 0.013 0.016 0.016 0.686 0.012 0.221 0.023 
 14    0167A    (0)   17 :  0.048 0.253 0.006 0.094 0.014 0.285 0.005 0.296 
 15    0167B    (0)   17 :  0.037 0.023 0.004 0.193 0.075 0.045 0.008 0.616 
 16    0167C    (0)   17 :  0.580 0.063 0.004 0.266 0.013 0.029 0.005 0.040 
 17    0309A    (0)   62 :  0.469 0.177 0.005 0.040 0.028 0.112 0.004 0.166 
 18    0309C    (0)   62 :  0.050 0.121 0.004 0.064 0.012 0.702 0.005 0.041 
 19    0309D    (0)   62 :  0.079 0.022 0.220 0.010 0.459 0.010 0.176 0.024 
 20    0309E    (0)   62 :  0.025 0.021 0.007 0.011 0.875 0.031 0.008 0.022 
 21    0625A    (0)   122 :  0.032 0.035 0.008 0.056 0.127 0.023 0.017 0.702 
 22    0625B    (0)   122 :  0.063 0.075 0.004 0.166 0.039 0.215 0.008 0.430 
 23    0625C    (0)   122 :  0.024 0.030 0.004 0.066 0.007 0.813 0.004 0.051 
 24    0625D    (0)   122 :  0.022 0.113 0.005 0.033 0.008 0.765 0.005 0.050 
 25    1029C    (0)   193 :  0.017 0.138 0.032 0.026 0.688 0.017 0.070 0.013 
 26    1029D    (0)   193 :  0.010 0.023 0.015 0.023 0.660 0.011 0.239 0.019 
 27    1029G    (0)   193 :  0.033 0.016 0.029 0.017 0.017 0.010 0.847 0.032 
 28    1187B    (0)   29 :  0.447 0.170 0.008 0.064 0.014 0.253 0.004 0.040 
 29    1187C    (0)   29 :  0.055 0.542 0.004 0.046 0.179 0.040 0.005 0.130 
 30    1187D    (0)   29 :  0.072 0.045 0.006 0.060 0.619 0.139 0.019 0.039 
 31    1187E    (0)   29 :  0.769 0.026 0.005 0.075 0.005 0.070 0.006 0.046 
 32    1314A    (0)   193 :  0.142 0.070 0.004 0.047 0.009 0.183 0.491 0.053 
 33    1314B    (0)   193 :  0.029 0.033 0.013 0.706 0.011 0.046 0.034 0.128 
 34    1314C    (0)   193 :  0.069 0.131 0.004 0.050 0.014 0.052 0.005 0.674 
 35    1314D    (0)   193 :  0.099 0.654 0.005 0.041 0.010 0.076 0.005 0.110 
 36    1314E    (0)   193 :  0.327 0.040 0.025 0.141 0.018 0.217 0.162 0.071 
 37    1319A    (0)   62 :  0.429 0.083 0.004 0.053 0.015 0.081 0.008 0.326 
 38    1319B    (0)   62 :  0.044 0.066 0.004 0.058 0.068 0.060 0.046 0.654 
 39    1600A    (0)   29 :  0.128 0.026 0.007 0.041 0.013 0.052 0.005 0.730 
 40    1600B    (0)   29 :  0.047 0.271 0.005 0.110 0.009 0.168 0.006 0.385 
 41    1600C    (0)   29 :  0.084 0.583 0.006 0.052 0.026 0.144 0.092 0.013 
 42    1630A    (0)   193 :  0.089 0.455 0.020 0.149 0.086 0.126 0.052 0.023 
 43    1630B    (0)   193 :  0.083 0.162 0.228 0.066 0.108 0.282 0.016 0.054 
 44    1630C    (0)   193 :  0.010 0.023 0.577 0.011 0.327 0.008 0.026 0.017 
 45    1711A    (0)   286 :  0.828 0.019 0.017 0.019 0.025 0.014 0.054 0.025 
 46    1711B    (0)   286 :  0.910 0.020 0.004 0.020 0.006 0.018 0.005 0.018 
 47    1711C    (0)   286 :  0.005 0.005 0.006 0.009 0.009 0.008 0.951 0.007 
 48    1711D    (0)   286 :  0.042 0.173 0.363 0.190 0.020 0.042 0.009 0.161 
 49    1711E    (0)   286 :  0.008 0.009 0.082 0.008 0.861 0.008 0.016 0.007 
 50    1715B    (0)   205 :  0.034 0.826 0.004 0.043 0.009 0.030 0.006 0.047 
 51    1715C    (0)   205 :  0.086 0.442 0.004 0.372 0.016 0.051 0.006 0.022 
 52    1715D    (0)   205 :  0.025 0.088 0.004 0.016 0.006 0.036 0.005 0.819 
 53    1715E    (0)   205 :  0.014 0.545 0.005 0.139 0.010 0.066 0.010 0.212 
 54    1726A    (0)   205 :  0.074 0.826 0.005 0.030 0.009 0.019 0.014 0.022 
 55    1726B    (0)   205 :  0.064 0.061 0.026 0.060 0.233 0.105 0.351 0.100 
 56    1783A    (0)   205 :  0.006 0.009 0.187 0.007 0.006 0.006 0.773 0.006 
 57    1783B    (0)   205 :  0.343 0.484 0.009 0.034 0.045 0.048 0.004 0.032 
 58    1783C    (0)   205 :  0.081 0.601 0.005 0.117 0.018 0.095 0.009 0.074 
 59    1783D    (0)   205 :  0.015 0.915 0.004 0.021 0.007 0.019 0.007 0.012 
 60    1783E    (0)   205 :  0.019 0.035 0.004 0.046 0.005 0.869 0.005 0.016 
 61    2008C    (0)   62 :  0.077 0.747 0.004 0.058 0.022 0.036 0.004 0.053 
 62    2008D    (0)   62 :  0.025 0.141 0.004 0.144 0.016 0.195 0.005 0.469 
 63    2008E    (0)   62 :  0.166 0.219 0.023 0.244 0.031 0.182 0.027 0.108 
 64    2008F    (0)   62 :  0.034 0.020 0.019 0.012 0.034 0.023 0.813 0.045 
 65    2008G    (0)   62 :  0.049 0.088 0.018 0.060 0.252 0.135 0.015 0.383 
 66    2008H    (0)   62 :  0.105 0.148 0.004 0.076 0.010 0.591 0.009 0.057 
 67    2033A    (0)   328 :  0.034 0.072 0.162 0.625 0.007 0.061 0.008 0.031 
 68    2159A    (0)   328 :  0.233 0.057 0.004 0.049 0.051 0.457 0.006 0.142 
 69    2159B    (0)   328 :  0.038 0.070 0.004 0.028 0.008 0.817 0.005 0.031 
 70    2159C    (0)   328 :  0.037 0.122 0.008 0.079 0.015 0.353 0.005 0.382 
 71    2159E    (0)   328 :  0.177 0.610 0.004 0.091 0.008 0.074 0.005 0.032 
 72    2341B    (0)   62 :  0.199 0.012 0.007 0.054 0.134 0.042 0.013 0.539 
 73    2341C    (0)   62 :  0.017 0.654 0.005 0.225 0.011 0.054 0.006 0.028 
 74    2351A    (0)   62 :  0.212 0.043 0.004 0.379 0.027 0.167 0.004 0.165 
 75    2366A    (0)   122 :  0.046 0.020 0.475 0.027 0.009 0.036 0.378 0.008 
 76    2366B    (0)   122 :  0.009 0.008 0.427 0.007 0.007 0.007 0.528 0.007 
 77    2366C    (0)   122 :  0.013 0.216 0.006 0.133 0.010 0.586 0.005 0.030 
 78    2366D    (0)   122 :  0.046 0.018 0.004 0.091 0.008 0.806 0.005 0.021 
 79    2409A    (0)   122 :  0.413 0.024 0.033 0.088 0.243 0.015 0.093 0.092 
 80    2423C    (0)   205 :  0.042 0.141 0.012 0.051 0.011 0.335 0.006 0.401 
 81    2423D    (0)   205 :  0.049 0.036 0.007 0.032 0.111 0.044 0.011 0.710 
 82    2423E    (0)   205 :  0.023 0.018 0.010 0.156 0.183 0.068 0.438 0.104 
 83    2856A    (0)   22 :  0.207 0.300 0.046 0.077 0.072 0.032 0.258 0.008 
 84    2856B    (0)   22 :  0.035 0.218 0.010 0.196 0.020 0.472 0.033 0.016 
 85    2856C    (0)   22 :  0.717 0.044 0.008 0.050 0.074 0.031 0.039 0.038 
 86    2856E    (0)   22 :  0.047 0.013 0.006 0.019 0.469 0.021 0.101 0.323 
 87    3026A    (0)   17 :  0.025 0.632 0.004 0.245 0.019 0.017 0.009 0.048 
 88    3026B    (0)   17 :  0.049 0.024 0.004 0.067 0.419 0.057 0.014 0.367 
 89    3253A    (0)   205 :  0.045 0.133 0.010 0.051 0.012 0.623 0.004 0.122 
 90    3280A    (0)   328 :  0.267 0.129 0.006 0.192 0.023 0.054 0.005 0.325 
 91    3280B    (0)   328 :  0.061 0.028 0.004 0.123 0.007 0.228 0.005 0.543 
 92    3760C    (0)   122 :  0.004 0.006 0.139 0.804 0.004 0.005 0.026 0.012 
 93    4249A    (0)   193 :  0.061 0.202 0.004 0.162 0.009 0.483 0.007 0.072 
 94    4316A    (0)   17 :  0.049 0.044 0.003 0.073 0.419 0.296 0.006 0.110 
 95    4316B    (0)   17 :  0.054 0.079 0.004 0.131 0.010 0.295 0.005 0.422 
 96    4316C    (0)   17 :  0.017 0.043 0.014 0.165 0.019 0.054 0.297 0.391 
 97    4316D    (0)   17 :  0.083 0.026 0.004 0.013 0.833 0.010 0.007 0.022 
 98    4316E    (0)   17 :  0.030 0.020 0.005 0.086 0.393 0.040 0.023 0.403 
 99    5597A    (0)   22 :  0.010 0.020 0.017 0.025 0.826 0.049 0.032 0.020 
100    5597B    (0)   22 :  0.038 0.303 0.004 0.133 0.037 0.290 0.005 0.189 
101    5597C    (0)   22 :  0.027 0.298 0.005 0.178 0.024 0.248 0.005 0.216 
102    5597D    (0)   22 :  0.022 0.189 0.027 0.035 0.049 0.024 0.570 0.083 
103    5637A    (0)   205 :  0.144 0.028 0.004 0.122 0.009 0.032 0.014 0.648 
104    5637C    (0)   205 :  0.048 0.481 0.075 0.157 0.013 0.106 0.081 0.039 
105    5637D    (0)   205 :  0.029 0.030 0.008 0.023 0.050 0.013 0.770 0.075 
106    5637E    (0)   205 :  0.052 0.010 0.010 0.023 0.106 0.031 0.739 0.029 
107    5912A    (0)   286 :  0.321 0.076 0.007 0.301 0.012 0.184 0.006 0.093 
108    5912B    (0)   286 :  0.072 0.763 0.005 0.026 0.010 0.049 0.005 0.071 
109    5912C    (0)   286 :  0.206 0.049 0.432 0.194 0.004 0.090 0.005 0.018 
110    5912D    (0)   286 :  0.008 0.023 0.064 0.021 0.005 0.019 0.830 0.030 
111    5954B    (0)   286 :  0.007 0.006 0.947 0.013 0.004 0.010 0.008 0.006 
112    5954C    (0)   286 :  0.004 0.004 0.006 0.004 0.005 0.005 0.968 0.005 
113    5954D    (0)   286 :  0.005 0.009 0.879 0.009 0.078 0.006 0.007 0.007 
114    5954E    (0)   286 :  0.004 0.007 0.939 0.007 0.005 0.011 0.020 0.006 
115    6136A    (0)   29 :  0.560 0.056 0.006 0.074 0.010 0.085 0.015 0.195 
116    6136B    (0)   29 :  0.018 0.012 0.004 0.391 0.074 0.023 0.015 0.462 
117    6136C    (0)   29 :  0.007 0.058 0.179 0.291 0.022 0.312 0.014 0.116 
118    6337A    (0)   328 :  0.745 0.036 0.011 0.023 0.037 0.067 0.068 0.014 
119    6337B    (0)   328 :  0.820 0.068 0.004 0.025 0.010 0.034 0.005 0.035 
120    6337C    (0)   328 :  0.840 0.038 0.004 0.025 0.013 0.032 0.010 0.038 
121    6337D    (0)   328 :  0.020 0.176 0.007 0.110 0.057 0.153 0.434 0.043 
122    6337E    (0)   328 :  0.068 0.055 0.012 0.309 0.136 0.149 0.035 0.235 
123    6382C    (0)   122 :  0.188 0.538 0.005 0.064 0.012 0.144 0.006 0.044 
124    6382E    (0)   122 :  0.016 0.018 0.005 0.045 0.008 0.855 0.006 0.047 
125    6382F    (0)   122 :  0.007 0.011 0.681 0.055 0.047 0.084 0.065 0.050 
126    6382G    (0)   122 :  0.025 0.153 0.010 0.270 0.438 0.023 0.037 0.043 
127    6514C    (0)   62 :  0.346 0.464 0.020 0.093 0.021 0.023 0.006 0.028 
128    6514E    (0)   62 :  0.160 0.565 0.008 0.075 0.016 0.078 0.009 0.089 
129    6514F    (0)   62 :  0.030 0.042 0.004 0.060 0.010 0.789 0.007 0.058 
130    6514G    (0)   62 :  0.020 0.353 0.451 0.045 0.006 0.024 0.094 0.008 
131    6514H    (0)   62 :  0.034 0.030 0.007 0.097 0.136 0.134 0.351 0.212 
132    6546B    (0)   328 :  0.170 0.011 0.318 0.080 0.033 0.239 0.015 0.135 
133    6546C    (0)   328 :  0.077 0.079 0.024 0.047 0.250 0.040 0.460 0.024 
134    6706A    (0)   193 :  0.048 0.054 0.360 0.062 0.035 0.107 0.067 0.265 
135    6706B    (0)   193 :  0.046 0.033 0.494 0.044 0.031 0.202 0.104 0.045 
136    6723B    (0)   22 :  0.005 0.006 0.810 0.007 0.007 0.007 0.152 0.006 


Estimated Allele Frequencies in each cluster
First column gives estimated ancestral frequencies


Locus 1 : 
9 alleles
0.0% missing data
 148   (0.635) 0.665 0.739 0.442 0.649 0.865 0.699 0.682 0.742 
 146   (0.144) 0.259 0.153 0.025 0.134 0.054 0.134 0.197 0.068 
 147   (0.093) 0.044 0.053 0.013 0.083 0.023 0.130 0.110 0.143 
   0   (0.022) 0.005 0.005 0.419 0.013 0.023 0.005 0.002 0.004 
 142   (0.031) 0.008 0.031 0.002 0.035 0.010 0.008 0.002 0.007 
 137   (0.017) 0.004 0.006 0.001 0.012 0.003 0.008 0.001 0.013 
 161   (0.024) 0.006 0.006 0.004 0.054 0.007 0.007 0.005 0.008 
 172   (0.016) 0.004 0.004 0.001 0.011 0.011 0.005 0.001 0.012 
 151   (0.018) 0.004 0.004 0.091 0.010 0.002 0.004 0.001 0.003 

Locus 2 : 
17 alleles
0.0% missing data
 197   (0.247) 0.300 0.249 0.025 0.250 0.441 0.419 0.282 0.359 
 205   (0.105) 0.101 0.143 0.068 0.101 0.035 0.094 0.099 0.139 
 199   (0.083) 0.082 0.088 0.197 0.065 0.118 0.044 0.012 0.031 
 201   (0.142) 0.099 0.147 0.048 0.185 0.085 0.198 0.390 0.142 
 203   (0.058) 0.106 0.019 0.005 0.078 0.043 0.053 0.041 0.097 
 213   (0.046) 0.084 0.036 0.005 0.053 0.008 0.036 0.003 0.029 
 227   (0.033) 0.017 0.017 0.007 0.027 0.105 0.025 0.007 0.021 
 221   (0.030) 0.011 0.053 0.003 0.024 0.005 0.032 0.005 0.008 
 211   (0.060) 0.022 0.078 0.005 0.049 0.108 0.037 0.006 0.089 
 215   (0.026) 0.075 0.009 0.002 0.021 0.004 0.010 0.001 0.006 
   0   (0.020) 0.005 0.005 0.597 0.011 0.007 0.005 0.043 0.004 
 217   (0.037) 0.065 0.038 0.003 0.022 0.023 0.011 0.002 0.021 
 191   (0.032) 0.011 0.059 0.006 0.027 0.006 0.009 0.015 0.015 
 193   (0.040) 0.013 0.049 0.025 0.040 0.006 0.012 0.089 0.010 
 219   (0.015) 0.004 0.004 0.001 0.011 0.002 0.008 0.001 0.014 
 241   (0.011) 0.003 0.003 0.002 0.023 0.001 0.003 0.001 0.002 
 207   (0.014) 0.004 0.004 0.002 0.012 0.002 0.005 0.004 0.013 

Locus 3 : 
10 alleles
0.0% missing data
 201   (0.260) 0.204 0.403 0.030 0.254 0.329 0.334 0.036 0.228 
 207   (0.296) 0.190 0.381 0.052 0.289 0.183 0.391 0.302 0.397 
 204   (0.203) 0.413 0.122 0.030 0.276 0.260 0.123 0.046 0.224 
   0   (0.037) 0.009 0.009 0.760 0.034 0.005 0.009 0.569 0.007 
 210   (0.105) 0.112 0.058 0.017 0.089 0.120 0.096 0.031 0.123 
 219   (0.017) 0.008 0.004 0.012 0.010 0.035 0.004 0.011 0.004 
 198   (0.025) 0.014 0.009 0.002 0.015 0.004 0.027 0.001 0.005 
 213   (0.016) 0.003 0.003 0.004 0.009 0.058 0.004 0.001 0.003 
 216   (0.023) 0.005 0.005 0.091 0.013 0.003 0.005 0.001 0.004 
 189   (0.019) 0.041 0.005 0.002 0.011 0.004 0.007 0.002 0.004 

Locus 4 : 
13 alleles
0.0% missing data
 138   (0.125) 0.061 0.100 0.019 0.159 0.215 0.095 0.009 0.212 
 140   (0.181) 0.331 0.150 0.028 0.230 0.162 0.279 0.037 0.130 
 132   (0.150) 0.129 0.176 0.343 0.145 0.071 0.191 0.105 0.127 
 154   (0.016) 0.010 0.006 0.002 0.010 0.002 0.010 0.001 0.005 
 142   (0.132) 0.210 0.095 0.038 0.126 0.209 0.070 0.071 0.195 
 134   (0.048) 0.054 0.026 0.358 0.030 0.013 0.028 0.004 0.020 
 128   (0.033) 0.020 0.025 0.003 0.026 0.007 0.011 0.159 0.011 
   0   (0.062) 0.046 0.038 0.155 0.048 0.177 0.038 0.596 0.024 
 136   (0.101) 0.066 0.238 0.024 0.092 0.112 0.097 0.006 0.071 
 144   (0.047) 0.020 0.018 0.010 0.052 0.015 0.082 0.003 0.118 
 146   (0.027) 0.027 0.008 0.003 0.018 0.004 0.027 0.002 0.015 
 152   (0.031) 0.012 0.022 0.009 0.020 0.005 0.045 0.002 0.016 
 130   (0.046) 0.015 0.097 0.008 0.044 0.008 0.027 0.005 0.056 

Locus 5 : 
10 alleles
0.0% missing data
 257   (0.350) 0.471 0.424 0.401 0.298 0.116 0.528 0.067 0.527 
 271   (0.057) 0.044 0.042 0.023 0.043 0.008 0.077 0.003 0.036 
 259   (0.341) 0.325 0.408 0.168 0.384 0.393 0.287 0.064 0.299 
   0   (0.049) 0.036 0.015 0.365 0.030 0.099 0.014 0.857 0.014 
 261   (0.052) 0.025 0.015 0.008 0.054 0.291 0.027 0.002 0.069 
 263   (0.019) 0.004 0.004 0.003 0.010 0.057 0.005 0.001 0.004 
 269   (0.027) 0.042 0.009 0.017 0.039 0.003 0.013 0.001 0.007 
 273   (0.067) 0.024 0.072 0.011 0.118 0.026 0.025 0.003 0.036 
 265   (0.018) 0.005 0.004 0.001 0.012 0.002 0.019 0.001 0.004 
 267   (0.020) 0.023 0.005 0.002 0.011 0.003 0.005 0.001 0.005 

Locus 6 : 
16 alleles
0.0% missing data
 147   (0.152) 0.158 0.137 0.027 0.148 0.101 0.303 0.573 0.137 
 141   (0.114) 0.169 0.115 0.051 0.108 0.315 0.075 0.020 0.150 
 149   (0.094) 0.155 0.159 0.039 0.082 0.127 0.045 0.133 0.048 
 159   (0.063) 0.071 0.027 0.007 0.083 0.103 0.029 0.018 0.137 
 137   (0.082) 0.156 0.053 0.008 0.078 0.035 0.049 0.040 0.219 
 139   (0.032) 0.034 0.009 0.006 0.023 0.008 0.077 0.002 0.011 
 161   (0.060) 0.019 0.098 0.078 0.049 0.159 0.035 0.003 0.025 
 151   (0.065) 0.031 0.206 0.072 0.065 0.020 0.046 0.014 0.042 
 153   (0.083) 0.067 0.068 0.056 0.088 0.032 0.110 0.070 0.040 
 165   (0.054) 0.042 0.029 0.017 0.045 0.056 0.048 0.019 0.050 
 145   (0.067) 0.024 0.042 0.007 0.095 0.010 0.100 0.069 0.052 
 135   (0.014) 0.005 0.004 0.002 0.009 0.003 0.004 0.020 0.004 
 157   (0.043) 0.046 0.023 0.004 0.037 0.018 0.038 0.004 0.038 
   0   (0.019) 0.005 0.005 0.429 0.027 0.002 0.005 0.001 0.004 
 143   (0.037) 0.010 0.019 0.194 0.026 0.006 0.029 0.011 0.035 
 155   (0.020) 0.008 0.005 0.002 0.037 0.003 0.007 0.001 0.006 

Locus 7 : 
5 alleles
0.0% missing data
 138   (0.721) 0.869 0.777 0.728 0.677 0.760 0.765 0.833 0.796 
 144   (0.075) 0.021 0.058 0.077 0.061 0.111 0.041 0.008 0.110 
 132   (0.155) 0.098 0.151 0.148 0.139 0.122 0.179 0.153 0.080 
   0   (0.032) 0.008 0.009 0.009 0.113 0.004 0.010 0.002 0.011 
 135   (0.018) 0.004 0.004 0.038 0.010 0.002 0.004 0.004 0.004 

Locus 8 : 
13 alleles
0.0% missing data
 276   (0.059) 0.018 0.072 0.006 0.053 0.017 0.094 0.005 0.036 
 286   (0.119) 0.164 0.065 0.013 0.122 0.033 0.156 0.012 0.206 
 278   (0.207) 0.183 0.391 0.041 0.230 0.181 0.202 0.054 0.121 
 270   (0.026) 0.008 0.007 0.002 0.033 0.033 0.011 0.008 0.030 
 280   (0.196) 0.348 0.219 0.026 0.183 0.189 0.123 0.057 0.322 
 266   (0.037) 0.132 0.020 0.003 0.025 0.024 0.012 0.002 0.017 
   0   (0.069) 0.025 0.033 0.850 0.122 0.108 0.025 0.834 0.020 
 282   (0.134) 0.069 0.100 0.031 0.121 0.154 0.215 0.013 0.193 
 274   (0.026) 0.007 0.036 0.002 0.022 0.007 0.012 0.001 0.011 
 290   (0.025) 0.011 0.012 0.002 0.014 0.167 0.006 0.002 0.005 
 284   (0.036) 0.010 0.012 0.018 0.026 0.011 0.064 0.002 0.017 
 288   (0.040) 0.019 0.014 0.003 0.030 0.072 0.058 0.010 0.018 
 272   (0.026) 0.006 0.018 0.002 0.019 0.004 0.022 0.001 0.006 

Locus 9 : 
16 alleles
0.0% missing data
 146   (0.385) 0.506 0.503 0.373 0.389 0.451 0.435 0.523 0.508 
 178   (0.031) 0.014 0.010 0.003 0.046 0.004 0.055 0.002 0.008 
 170   (0.053) 0.016 0.016 0.043 0.059 0.054 0.070 0.005 0.051 
 166   (0.071) 0.059 0.104 0.009 0.080 0.019 0.032 0.024 0.087 
 172   (0.041) 0.016 0.100 0.004 0.034 0.135 0.021 0.004 0.018 
 168   (0.077) 0.086 0.047 0.009 0.061 0.164 0.065 0.042 0.129 
 162   (0.019) 0.012 0.006 0.003 0.032 0.003 0.007 0.001 0.006 
 148   (0.069) 0.057 0.077 0.124 0.056 0.016 0.024 0.277 0.082 
 160   (0.077) 0.117 0.038 0.011 0.083 0.028 0.153 0.010 0.043 
 174   (0.027) 0.009 0.015 0.002 0.024 0.011 0.062 0.002 0.014 
 158   (0.035) 0.011 0.026 0.003 0.035 0.048 0.033 0.014 0.018 
   0   (0.022) 0.005 0.007 0.374 0.014 0.045 0.007 0.001 0.005 
 154   (0.040) 0.054 0.031 0.024 0.029 0.013 0.012 0.093 0.010 
 164   (0.018) 0.006 0.011 0.001 0.017 0.003 0.005 0.001 0.004 
 180   (0.016) 0.003 0.004 0.003 0.025 0.002 0.004 0.001 0.003 
 142   (0.019) 0.028 0.005 0.016 0.015 0.004 0.015 0.001 0.015 

Locus 10 : 
8 alleles
0.0% missing data
 158   (0.741) 0.883 0.879 0.432 0.719 0.785 0.770 0.885 0.846 
 160   (0.130) 0.086 0.072 0.013 0.133 0.135 0.186 0.027 0.103 
 154   (0.025) 0.006 0.016 0.002 0.019 0.055 0.007 0.001 0.006 
 156   (0.018) 0.004 0.004 0.017 0.010 0.002 0.004 0.077 0.004 
 152   (0.028) 0.006 0.006 0.003 0.068 0.006 0.007 0.002 0.024 
   0   (0.028) 0.007 0.008 0.530 0.025 0.005 0.013 0.002 0.009 
 144   (0.015) 0.004 0.008 0.001 0.011 0.003 0.008 0.005 0.004 
 162   (0.015) 0.004 0.007 0.001 0.014 0.010 0.004 0.001 0.004 

Locus 11 : 
15 alleles
0.0% missing data
 214   (0.112) 0.049 0.093 0.080 0.123 0.032 0.226 0.013 0.140 
 220   (0.129) 0.150 0.154 0.009 0.115 0.048 0.209 0.008 0.104 
 210   (0.091) 0.088 0.101 0.010 0.065 0.020 0.156 0.005 0.053 
 218   (0.240) 0.472 0.302 0.017 0.241 0.153 0.190 0.017 0.421 
 192   (0.011) 0.004 0.003 0.001 0.012 0.012 0.003 0.002 0.004 
 194   (0.016) 0.005 0.004 0.001 0.014 0.013 0.004 0.003 0.005 
 212   (0.036) 0.019 0.031 0.003 0.029 0.009 0.033 0.014 0.021 
   0   (0.092) 0.059 0.038 0.836 0.073 0.632 0.034 0.908 0.025 
 222   (0.088) 0.059 0.137 0.006 0.101 0.032 0.039 0.015 0.133 
 224   (0.021) 0.023 0.007 0.002 0.021 0.005 0.006 0.005 0.007 
 216   (0.075) 0.046 0.099 0.028 0.095 0.021 0.070 0.004 0.038 
 200   (0.020) 0.004 0.005 0.002 0.028 0.003 0.005 0.001 0.004 
 204   (0.021) 0.005 0.005 0.002 0.028 0.003 0.005 0.001 0.004 
 188   (0.027) 0.008 0.007 0.002 0.044 0.013 0.012 0.001 0.036 
 208   (0.020) 0.008 0.014 0.001 0.012 0.003 0.007 0.001 0.005 

Locus 12 : 
18 alleles
0.0% missing data
 144   (0.032) 0.015 0.014 0.085 0.027 0.004 0.055 0.007 0.008 
 162   (0.026) 0.017 0.009 0.019 0.019 0.004 0.099 0.002 0.015 
 170   (0.040) 0.047 0.054 0.004 0.039 0.006 0.030 0.002 0.015 
   0   (0.053) 0.014 0.014 0.009 0.047 0.725 0.016 0.533 0.133 
 148   (0.080) 0.072 0.112 0.008 0.077 0.014 0.047 0.207 0.079 
 142   (0.067) 0.234 0.115 0.050 0.073 0.014 0.030 0.016 0.027 
 154   (0.043) 0.039 0.052 0.005 0.048 0.008 0.030 0.005 0.014 
 146   (0.312) 0.291 0.367 0.545 0.348 0.072 0.429 0.200 0.485 
 164   (0.046) 0.036 0.084 0.004 0.039 0.006 0.055 0.002 0.013 
 168   (0.027) 0.008 0.019 0.002 0.024 0.009 0.014 0.001 0.044 
 156   (0.064) 0.106 0.049 0.011 0.043 0.101 0.081 0.007 0.029 
 172   (0.039) 0.013 0.024 0.021 0.055 0.009 0.023 0.003 0.043 
 166   (0.059) 0.074 0.047 0.015 0.050 0.014 0.052 0.008 0.041 
 158   (0.033) 0.010 0.009 0.059 0.041 0.005 0.014 0.002 0.026 
 150   (0.021) 0.006 0.008 0.010 0.016 0.003 0.006 0.001 0.008 
 174   (0.012) 0.002 0.003 0.003 0.023 0.001 0.003 0.001 0.002 
 182   (0.018) 0.005 0.005 0.002 0.013 0.002 0.009 0.001 0.012 
 160   (0.028) 0.012 0.016 0.150 0.017 0.003 0.007 0.001 0.006 

Locus 13 : 
16 alleles
0.0% missing data
 285   (0.276) 0.277 0.321 0.128 0.311 0.137 0.374 0.021 0.202 
 291   (0.117) 0.058 0.242 0.018 0.107 0.082 0.130 0.009 0.048 
 289   (0.154) 0.155 0.144 0.019 0.157 0.022 0.201 0.007 0.334 
   0   (0.103) 0.042 0.042 0.647 0.089 0.688 0.036 0.934 0.157 
 277   (0.041) 0.029 0.042 0.004 0.030 0.006 0.035 0.003 0.014 
 273   (0.024) 0.289 0.011 0.002 0.015 0.004 0.008 0.002 0.005 
 293   (0.036) 0.012 0.009 0.003 0.057 0.006 0.014 0.002 0.125 
 287   (0.047) 0.053 0.020 0.016 0.037 0.007 0.071 0.014 0.026 
 295   (0.039) 0.013 0.101 0.003 0.040 0.006 0.030 0.002 0.010 
 301   (0.014) 0.005 0.012 0.001 0.011 0.003 0.006 0.001 0.003 
 303   (0.020) 0.013 0.014 0.016 0.024 0.003 0.007 0.001 0.021 
 279   (0.030) 0.008 0.012 0.003 0.021 0.022 0.022 0.002 0.024 
 181   (0.017) 0.021 0.005 0.001 0.011 0.003 0.005 0.001 0.004 
 283   (0.025) 0.006 0.006 0.129 0.036 0.003 0.006 0.001 0.005 
 281   (0.024) 0.006 0.011 0.002 0.016 0.003 0.011 0.001 0.009 
 297   (0.031) 0.013 0.010 0.007 0.037 0.004 0.045 0.001 0.013 

Values of parameters used in structure:
DATAFILE=bws18_structure.txt,	OUTFILE=bws18_structurek8_3_results,	NUMINDS=136,	NUMLOCI=13,	MISSING=-9,	LABEL=1,	POPDATA=1,	POPFLAG=0,	PHENOTYPE=0,	EXTRACOLS=0,	MAXPOPS=8,	BURNIN=10000,	NUMREPS=20000,	USEPOPINFO=0,	INFERALPHA=1,	INFERLAMBDA=0,	POPSPECIFICLAMBDA=0,	POPALPHAS=0,	COMPUTEPROB=1,	NOADMIX=0,	ADMBURNIN=500,	UPDATEFREQ=100,	PRINTLIKES=0,	INTERMEDSAVE=0,	PRINTKLD=0,	PRINTNET=1,	PRINTLAMBDA=1,	ANCESTDIST=0,	NUMBOXES=1000,	ANCESTPINT=0.90000,	GENSBACK=2,	MIGRPRIOR=0.01000,	PRINTQHAT=0,	PRINTQSUM=1,	ALPHA=1.0000,	FREQSCORR=1,	FPRIORMEAN=0.0100,	FPRIORSD=0.0500,	ONEFST=0,	LAMBDA=1.0000,	UNIFPRIORALPHA=1,	ALPHAMAX=10.0000,	ALPHAPRIORA=1.0000,	ALPHAPRIORB=2.0000,	ALPHAPROPSD=0.0250,	STARTATPOPINFO=0,	RANDOMIZE=1,	LINKAGE=0,	METROFREQ=10,	REPORTHITRATE=0,	MARKOVPHASE=0,	PHASED=0,	PLOIDY=2,	PHASEINFO=0	LOCPRIOR=0, 	LOCPRIORINIT=1.000000, 	LOCDATA=0, 	LOCISPOP=1, 	LOCPRIORSTEP=0.100000, 	MAXLOCPRIOR=20.000000, 	SEED=1682096061,	
[STRAT parameters]:    NUMSIMSTATS=1000,	PHENOTYPECOL=-9,	POOLFREQ=10,	LOCUSxONLY=0,	EMERROR=0.00100,	MISSINGPHENO=-9,	