

----------------------------------------------------
STRUCTURE by Pritchard, Stephens and Donnelly (2000)
     and Falush, Stephens and Pritchard (2003)
       Code by Pritchard, Falush and Hubisz
             Version 2.3.4 (Jul 2012)
----------------------------------------------------



Command line arguments:   ./structure -m mainparams_bws18_k5 
Input File:    bws18_structure.txt

Run parameters:
   136 individuals
   13 loci
   5 populations assumed
   10000 Burn-in period
   20000 Reps


--------------------------------------------
Proportion of membership of each pre-defined
 population in each of the 5 clusters

Given    Inferred Clusters                     Number of
 Pop       1      2      3      4      5      Individuals

 17:     0.307  0.203  0.239  0.027  0.224       18
 22:     0.231  0.134  0.145  0.216  0.274       11
 29:     0.236  0.180  0.280  0.041  0.262       13
 62:     0.176  0.134  0.243  0.092  0.356       20
122:     0.113  0.274  0.130  0.206  0.278       14
193:     0.195  0.197  0.167  0.229  0.211       14
205:     0.154  0.170  0.161  0.123  0.391       19
286:     0.116  0.092  0.207  0.459  0.127       13
328:     0.125  0.234  0.348  0.061  0.232       14
--------------------------------------------

Allele-freq. divergence among pops (Net nucleotide distance),
computed using point estimates of P.

      1       2       3       4       5      
 1      -    0.0659  0.0800  0.1231  0.0835  
 2   0.0659     -    0.0144  0.1556  0.0104  
 3   0.0800  0.0144     -    0.1870  0.0157  
 4   0.1231  0.1556  0.1870     -    0.1873  
 5   0.0835  0.0104  0.0157  0.1873     -    

Average distances (expected heterozygosity) between individuals in same cluster:
cluster  1  : 0.6256 
cluster  2  : 0.7634 
cluster  3  : 0.6802 
cluster  4  : 0.5352 
cluster  5  : 0.6821 

--------------------------------------------
Estimated Ln Prob of Data   = -5903.8
Mean value of ln likelihood = -5529.0
Variance of ln likelihood   = 749.7
Mean value of alpha         = 0.0903

Mean value of Fst_1         = 0.1509
Mean value of Fst_2         = 0.0155
Mean value of Fst_3         = 0.0761
Mean value of Fst_4         = 0.3053
Mean value of Fst_5         = 0.0709


Inferred ancestry of individuals:
        Label (%Miss) Pop:  Inferred clusters
  1    0079C    (0)   17 :  0.014 0.502 0.062 0.009 0.413 
  2    0079D    (0)   17 :  0.019 0.050 0.103 0.006 0.822 
  3    0079E    (0)   17 :  0.810 0.080 0.065 0.017 0.027 
  4    0079G    (0)   17 :  0.014 0.155 0.339 0.008 0.484 
  5    0082A    (0)   17 :  0.037 0.308 0.607 0.006 0.041 
  6    0082B    (0)   17 :  0.011 0.026 0.916 0.014 0.033 
  7    0082C    (0)   17 :  0.460 0.173 0.109 0.175 0.083 
  8    0082D    (0)   17 :  0.933 0.019 0.019 0.008 0.021 
  9    0121B    (0)   22 :  0.414 0.045 0.093 0.421 0.028 
 10    0121C    (0)   22 :  0.009 0.124 0.026 0.007 0.834 
 11    0147A    (0)   29 :  0.809 0.009 0.008 0.165 0.009 
 12    0147B    (0)   29 :  0.151 0.093 0.038 0.049 0.669 
 13    0147D    (0)   29 :  0.868 0.025 0.020 0.063 0.024 
 14    0167A    (0)   17 :  0.011 0.092 0.087 0.007 0.803 
 15    0167B    (0)   17 :  0.241 0.301 0.360 0.006 0.091 
 16    0167C    (0)   17 :  0.022 0.153 0.699 0.007 0.119 
 17    0309A    (0)   62 :  0.025 0.037 0.455 0.007 0.476 
 18    0309C    (0)   62 :  0.015 0.162 0.107 0.007 0.710 
 19    0309D    (0)   62 :  0.488 0.028 0.061 0.368 0.055 
 20    0309E    (0)   62 :  0.836 0.022 0.038 0.012 0.093 
 21    0625A    (0)   122 :  0.287 0.130 0.237 0.020 0.326 
 22    0625B    (0)   122 :  0.073 0.208 0.404 0.007 0.309 
 23    0625C    (0)   122 :  0.012 0.289 0.161 0.007 0.531 
 24    0625D    (0)   122 :  0.010 0.047 0.100 0.006 0.836 
 25    1029C    (0)   193 :  0.717 0.054 0.031 0.054 0.143 
 26    1029D    (0)   193 :  0.864 0.023 0.018 0.078 0.016 
 27    1029G    (0)   193 :  0.172 0.023 0.038 0.751 0.016 
 28    1187B    (0)   29 :  0.018 0.158 0.565 0.008 0.251 
 29    1187C    (0)   29 :  0.071 0.083 0.129 0.006 0.712 
 30    1187D    (0)   29 :  0.718 0.076 0.108 0.010 0.088 
 31    1187E    (0)   29 :  0.010 0.040 0.897 0.007 0.046 
 32    1314A    (0)   193 :  0.136 0.185 0.420 0.165 0.094 
 33    1314B    (0)   193 :  0.031 0.684 0.125 0.033 0.128 
 34    1314C    (0)   193 :  0.030 0.069 0.243 0.007 0.652 
 35    1314D    (0)   193 :  0.012 0.079 0.166 0.007 0.736 
 36    1314E    (0)   193 :  0.063 0.184 0.536 0.116 0.100 
 37    1319A    (0)   62 :  0.025 0.072 0.601 0.007 0.296 
 38    1319B    (0)   62 :  0.231 0.052 0.243 0.013 0.460 
 39    1600A    (0)   29 :  0.032 0.112 0.558 0.007 0.291 
 40    1600B    (0)   29 :  0.015 0.121 0.185 0.007 0.671 
 41    1600C    (0)   29 :  0.048 0.253 0.261 0.035 0.403 
 42    1630A    (0)   193 :  0.107 0.440 0.123 0.064 0.267 
 43    1630B    (0)   193 :  0.186 0.210 0.231 0.194 0.179 
 44    1630C    (0)   193 :  0.265 0.021 0.022 0.666 0.026 
 45    1711A    (0)   286 :  0.062 0.035 0.825 0.051 0.028 
 46    1711B    (0)   286 :  0.011 0.035 0.879 0.007 0.067 
 47    1711C    (0)   286 :  0.316 0.024 0.014 0.631 0.015 
 48    1711D    (0)   286 :  0.046 0.460 0.088 0.260 0.147 
 49    1711E    (0)   286 :  0.852 0.027 0.018 0.088 0.015 
 50    1715B    (0)   205 :  0.018 0.177 0.119 0.008 0.679 
 51    1715C    (0)   205 :  0.030 0.643 0.184 0.007 0.135 
 52    1715D    (0)   205 :  0.013 0.075 0.207 0.009 0.696 
 53    1715E    (0)   205 :  0.016 0.241 0.055 0.011 0.676 
 54    1726A    (0)   205 :  0.020 0.213 0.225 0.015 0.527 
 55    1726B    (0)   205 :  0.736 0.044 0.083 0.087 0.050 
 56    1783A    (0)   205 :  0.010 0.010 0.008 0.962 0.010 
 57    1783B    (0)   205 :  0.049 0.094 0.375 0.010 0.473 
 58    1783C    (0)   205 :  0.026 0.127 0.221 0.010 0.617 
 59    1783D    (0)   205 :  0.010 0.114 0.053 0.010 0.813 
 60    1783E    (0)   205 :  0.011 0.610 0.104 0.007 0.268 
 61    2008C    (0)   62 :  0.018 0.102 0.109 0.005 0.765 
 62    2008D    (0)   62 :  0.027 0.157 0.126 0.007 0.683 
 63    2008E    (0)   62 :  0.031 0.124 0.223 0.049 0.573 
 64    2008F    (0)   62 :  0.362 0.016 0.032 0.571 0.019 
 65    2008G    (0)   62 :  0.322 0.136 0.191 0.033 0.318 
 66    2008H    (0)   62 :  0.031 0.291 0.504 0.007 0.167 
 67    2033A    (0)   328 :  0.011 0.785 0.037 0.107 0.060 
 68    2159A    (0)   328 :  0.061 0.097 0.458 0.007 0.376 
 69    2159B    (0)   328 :  0.017 0.252 0.255 0.007 0.469 
 70    2159C    (0)   328 :  0.018 0.247 0.166 0.010 0.559 
 71    2159E    (0)   328 :  0.015 0.095 0.337 0.006 0.548 
 72    2341B    (0)   62 :  0.350 0.047 0.506 0.014 0.083 
 73    2341C    (0)   62 :  0.013 0.465 0.040 0.008 0.474 
 74    2351A    (0)   62 :  0.046 0.231 0.525 0.005 0.193 
 75    2366A    (0)   122 :  0.012 0.034 0.059 0.870 0.025 
 76    2366B    (0)   122 :  0.010 0.009 0.013 0.958 0.010 
 77    2366C    (0)   122 :  0.014 0.569 0.029 0.008 0.380 
 78    2366D    (0)   122 :  0.015 0.689 0.183 0.007 0.105 
 79    2409A    (0)   122 :  0.550 0.034 0.343 0.044 0.029 
 80    2423C    (0)   205 :  0.015 0.101 0.164 0.016 0.704 
 81    2423D    (0)   205 :  0.278 0.057 0.229 0.013 0.423 
 82    2423E    (0)   205 :  0.712 0.122 0.036 0.099 0.031 
 83    2856A    (0)   22 :  0.097 0.134 0.276 0.335 0.157 
 84    2856B    (0)   22 :  0.042 0.540 0.061 0.027 0.331 
 85    2856C    (0)   22 :  0.079 0.060 0.784 0.032 0.045 
 86    2856E    (0)   22 :  0.814 0.030 0.099 0.013 0.045 
 87    3026A    (0)   17 :  0.031 0.600 0.060 0.007 0.301 
 88    3026B    (0)   17 :  0.635 0.129 0.150 0.008 0.079 
 89    3253A    (0)   205 :  0.010 0.092 0.062 0.010 0.826 
 90    3280A    (0)   328 :  0.036 0.200 0.450 0.007 0.307 
 91    3280B    (0)   328 :  0.017 0.316 0.396 0.007 0.264 
 92    3760C    (0)   122 :  0.007 0.799 0.006 0.182 0.006 
 93    4249A    (0)   193 :  0.022 0.510 0.198 0.007 0.263 
 94    4316A    (0)   17 :  0.503 0.170 0.161 0.006 0.161 
 95    4316B    (0)   17 :  0.017 0.286 0.242 0.007 0.448 
 96    4316C    (0)   17 :  0.131 0.479 0.160 0.189 0.041 
 97    4316D    (0)   17 :  0.844 0.023 0.094 0.008 0.031 
 98    4316E    (0)   17 :  0.793 0.098 0.071 0.007 0.032 
 99    5597A    (0)   22 :  0.863 0.046 0.019 0.032 0.040 
100    5597B    (0)   22 :  0.022 0.147 0.098 0.007 0.726 
101    5597C    (0)   22 :  0.031 0.275 0.085 0.006 0.603 
102    5597D    (0)   22 :  0.160 0.063 0.046 0.531 0.200 
103    5637A    (0)   205 :  0.048 0.123 0.728 0.010 0.090 
104    5637C    (0)   205 :  0.030 0.342 0.117 0.133 0.378 
105    5637D    (0)   205 :  0.469 0.038 0.045 0.419 0.028 
106    5637E    (0)   205 :  0.427 0.015 0.038 0.506 0.013 
107    5912A    (0)   286 :  0.019 0.274 0.460 0.009 0.237 
108    5912B    (0)   286 :  0.012 0.065 0.104 0.007 0.812 
109    5912C    (0)   286 :  0.008 0.150 0.238 0.422 0.182 
110    5912D    (0)   286 :  0.031 0.049 0.024 0.811 0.085 
111    5954B    (0)   286 :  0.006 0.022 0.009 0.952 0.011 
112    5954C    (0)   286 :  0.033 0.010 0.017 0.925 0.015 
113    5954D    (0)   286 :  0.097 0.023 0.009 0.841 0.029 
114    5954E    (0)   286 :  0.008 0.018 0.006 0.960 0.009 
115    6136A    (0)   29 :  0.036 0.119 0.760 0.008 0.076 
116    6136B    (0)   29 :  0.268 0.606 0.089 0.008 0.029 
117    6136C    (0)   29 :  0.028 0.652 0.020 0.160 0.140 
118    6337A    (0)   328 :  0.104 0.030 0.707 0.041 0.119 
119    6337B    (0)   328 :  0.011 0.029 0.752 0.006 0.201 
120    6337C    (0)   328 :  0.020 0.058 0.869 0.007 0.046 
121    6337D    (0)   328 :  0.507 0.256 0.070 0.070 0.097 
122    6337E    (0)   328 :  0.346 0.416 0.112 0.025 0.101 
123    6382C    (0)   122 :  0.017 0.133 0.155 0.008 0.688 
124    6382E    (0)   122 :  0.014 0.405 0.062 0.009 0.510 
125    6382F    (0)   122 :  0.022 0.154 0.024 0.734 0.065 
126    6382G    (0)   122 :  0.532 0.334 0.039 0.023 0.073 
127    6514C    (0)   62 :  0.023 0.156 0.491 0.031 0.299 
128    6514E    (0)   62 :  0.019 0.106 0.220 0.021 0.634 
129    6514F    (0)   62 :  0.021 0.234 0.245 0.009 0.492 
130    6514G    (0)   62 :  0.011 0.082 0.035 0.592 0.280 
131    6514H    (0)   62 :  0.622 0.153 0.102 0.072 0.051 
132    6546B    (0)   328 :  0.041 0.449 0.185 0.278 0.048 
133    6546C    (0)   328 :  0.540 0.044 0.081 0.278 0.056 
134    6706A    (0)   193 :  0.069 0.112 0.133 0.476 0.210 
135    6706B    (0)   193 :  0.061 0.160 0.061 0.588 0.130 
136    6723B    (0)   22 :  0.008 0.011 0.007 0.966 0.008 


Estimated Allele Frequencies in each cluster
First column gives estimated ancestral frequencies


Locus 1 : 
9 alleles
0.0% missing data
 148   (0.621) 0.799 0.645 0.665 0.588 0.756 
 146   (0.145) 0.104 0.139 0.227 0.065 0.109 
 147   (0.098) 0.040 0.097 0.076 0.076 0.100 
   0   (0.025) 0.017 0.016 0.005 0.215 0.004 
 142   (0.030) 0.009 0.033 0.008 0.002 0.010 
 137   (0.017) 0.002 0.012 0.005 0.001 0.010 
 161   (0.029) 0.013 0.035 0.006 0.005 0.005 
 172   (0.016) 0.014 0.012 0.004 0.001 0.003 
 151   (0.018) 0.002 0.011 0.003 0.047 0.003 

Locus 2 : 
17 alleles
0.0% missing data
 197   (0.240) 0.390 0.257 0.328 0.101 0.368 
 205   (0.093) 0.032 0.095 0.089 0.116 0.152 
 199   (0.074) 0.079 0.065 0.063 0.126 0.054 
 201   (0.168) 0.190 0.207 0.138 0.148 0.131 
 203   (0.059) 0.090 0.060 0.112 0.012 0.017 
 213   (0.046) 0.006 0.044 0.058 0.003 0.048 
 227   (0.036) 0.081 0.029 0.019 0.005 0.012 
 221   (0.035) 0.009 0.031 0.016 0.003 0.036 
 211   (0.057) 0.081 0.052 0.035 0.004 0.074 
 215   (0.020) 0.002 0.014 0.052 0.001 0.006 
   0   (0.018) 0.004 0.011 0.004 0.379 0.003 
 217   (0.034) 0.012 0.024 0.043 0.002 0.033 
 191   (0.038) 0.012 0.036 0.014 0.011 0.026 
 193   (0.034) 0.004 0.029 0.012 0.084 0.029 
 219   (0.017) 0.002 0.013 0.008 0.001 0.005 
 241   (0.017) 0.002 0.018 0.003 0.002 0.003 
 207   (0.014) 0.003 0.014 0.005 0.002 0.003 

Locus 3 : 
10 alleles
0.0% missing data
 201   (0.247) 0.252 0.252 0.237 0.025 0.380 
 207   (0.311) 0.303 0.335 0.247 0.088 0.406 
 204   (0.217) 0.254 0.236 0.353 0.021 0.100 
   0   (0.024) 0.006 0.018 0.004 0.787 0.004 
 210   (0.099) 0.115 0.088 0.107 0.014 0.085 
 219   (0.020) 0.024 0.013 0.006 0.013 0.004 
 198   (0.022) 0.003 0.021 0.012 0.001 0.008 
 213   (0.020) 0.036 0.013 0.004 0.003 0.003 
 216   (0.020) 0.002 0.012 0.004 0.046 0.003 
 189   (0.020) 0.005 0.013 0.025 0.002 0.006 

Locus 4 : 
13 alleles
0.0% missing data
 138   (0.118) 0.170 0.127 0.084 0.010 0.139 
 140   (0.178) 0.184 0.202 0.305 0.022 0.145 
 132   (0.142) 0.063 0.141 0.115 0.238 0.210 
 154   (0.017) 0.002 0.012 0.007 0.001 0.008 
 142   (0.117) 0.168 0.108 0.192 0.060 0.097 
 134   (0.046) 0.018 0.034 0.043 0.161 0.024 
 128   (0.042) 0.061 0.038 0.021 0.039 0.011 
   0   (0.070) 0.202 0.066 0.053 0.436 0.025 
 136   (0.105) 0.084 0.110 0.070 0.013 0.163 
 144   (0.067) 0.035 0.074 0.056 0.006 0.047 
 146   (0.025) 0.003 0.022 0.023 0.002 0.014 
 152   (0.028) 0.004 0.022 0.015 0.005 0.032 
 130   (0.044) 0.007 0.044 0.017 0.008 0.084 

Locus 5 : 
10 alleles
0.0% missing data
 257   (0.353) 0.128 0.354 0.507 0.225 0.504 
 271   (0.053) 0.007 0.054 0.032 0.009 0.057 
 259   (0.327) 0.345 0.339 0.301 0.098 0.350 
   0   (0.054) 0.245 0.040 0.034 0.647 0.011 
 261   (0.057) 0.205 0.048 0.041 0.006 0.022 
 263   (0.019) 0.037 0.012 0.004 0.002 0.003 
 269   (0.029) 0.003 0.025 0.034 0.006 0.014 
 273   (0.073) 0.026 0.100 0.027 0.006 0.032 
 265   (0.017) 0.002 0.017 0.005 0.001 0.003 
 267   (0.018) 0.002 0.011 0.015 0.001 0.003 

Locus 6 : 
16 alleles
0.0% missing data
 147   (0.166) 0.198 0.186 0.214 0.260 0.166 
 141   (0.101) 0.212 0.088 0.141 0.038 0.140 
 149   (0.093) 0.110 0.079 0.110 0.107 0.112 
 159   (0.056) 0.140 0.047 0.084 0.004 0.035 
 137   (0.086) 0.066 0.082 0.158 0.020 0.081 
 139   (0.039) 0.009 0.047 0.034 0.003 0.018 
 161   (0.056) 0.104 0.047 0.019 0.034 0.075 
 151   (0.062) 0.014 0.063 0.028 0.086 0.132 
 153   (0.081) 0.029 0.094 0.055 0.084 0.074 
 165   (0.053) 0.047 0.054 0.039 0.019 0.032 
 145   (0.064) 0.022 0.078 0.040 0.033 0.068 
 135   (0.014) 0.005 0.009 0.004 0.015 0.002 
 157   (0.040) 0.029 0.037 0.045 0.003 0.020 
   0   (0.031) 0.004 0.035 0.007 0.190 0.007 
 143   (0.035) 0.006 0.029 0.012 0.105 0.032 
 155   (0.022) 0.003 0.024 0.011 0.002 0.005 

Locus 7 : 
5 alleles
0.0% missing data
 138   (0.703) 0.808 0.692 0.854 0.752 0.774 
 144   (0.084) 0.084 0.078 0.032 0.035 0.069 
 132   (0.152) 0.102 0.149 0.099 0.186 0.144 
   0   (0.043) 0.005 0.071 0.011 0.004 0.010 
 135   (0.018) 0.002 0.012 0.003 0.022 0.003 

Locus 8 : 
13 alleles
0.0% missing data
 276   (0.065) 0.016 0.076 0.027 0.005 0.065 
 286   (0.123) 0.048 0.128 0.159 0.009 0.140 
 278   (0.191) 0.177 0.205 0.191 0.030 0.276 
 270   (0.029) 0.042 0.024 0.017 0.002 0.009 
 280   (0.186) 0.226 0.172 0.320 0.028 0.203 
 266   (0.035) 0.015 0.024 0.092 0.002 0.017 
   0   (0.082) 0.151 0.089 0.030 0.894 0.030 
 282   (0.132) 0.130 0.141 0.106 0.014 0.174 
 274   (0.026) 0.009 0.022 0.006 0.002 0.024 
 290   (0.026) 0.105 0.017 0.009 0.002 0.008 
 284   (0.036) 0.008 0.039 0.015 0.008 0.028 
 288   (0.044) 0.069 0.040 0.023 0.003 0.016 
 272   (0.024) 0.003 0.024 0.005 0.001 0.011 

Locus 9 : 
16 alleles
0.0% missing data
 146   (0.365) 0.488 0.391 0.501 0.434 0.488 
 178   (0.032) 0.004 0.048 0.016 0.002 0.014 
 170   (0.059) 0.050 0.063 0.025 0.022 0.038 
 166   (0.067) 0.021 0.063 0.054 0.013 0.100 
 172   (0.050) 0.090 0.040 0.021 0.004 0.067 
 168   (0.066) 0.153 0.054 0.093 0.010 0.069 
 162   (0.020) 0.002 0.023 0.011 0.001 0.004 
 148   (0.066) 0.021 0.056 0.061 0.270 0.057 
 160   (0.071) 0.034 0.067 0.107 0.010 0.089 
 174   (0.034) 0.010 0.040 0.014 0.002 0.025 
 158   (0.035) 0.056 0.033 0.016 0.003 0.016 
   0   (0.033) 0.039 0.027 0.009 0.157 0.007 
 154   (0.045) 0.025 0.036 0.040 0.065 0.016 
 164   (0.016) 0.002 0.015 0.005 0.001 0.004 
 180   (0.016) 0.002 0.017 0.003 0.001 0.003 
 142   (0.026) 0.004 0.026 0.023 0.004 0.006 

Locus 10 : 
8 alleles
0.0% missing data
 158   (0.728) 0.808 0.731 0.872 0.636 0.851 
 160   (0.118) 0.126 0.120 0.093 0.011 0.116 
 154   (0.028) 0.035 0.023 0.007 0.002 0.008 
 156   (0.020) 0.002 0.013 0.004 0.068 0.004 
 152   (0.036) 0.008 0.051 0.009 0.003 0.006 
   0   (0.034) 0.005 0.033 0.007 0.278 0.007 
 144   (0.017) 0.008 0.013 0.004 0.001 0.004 
 162   (0.018) 0.007 0.015 0.004 0.001 0.004 

Locus 11 : 
15 alleles
0.0% missing data
 214   (0.142) 0.055 0.174 0.069 0.051 0.143 
 220   (0.134) 0.043 0.144 0.166 0.007 0.147 
 210   (0.061) 0.013 0.053 0.065 0.005 0.146 
 218   (0.213) 0.143 0.199 0.454 0.012 0.315 
 192   (0.020) 0.015 0.014 0.005 0.001 0.003 
 194   (0.016) 0.015 0.011 0.004 0.001 0.003 
 212   (0.037) 0.019 0.033 0.022 0.004 0.025 
   0   (0.091) 0.575 0.083 0.038 0.889 0.019 
 222   (0.103) 0.063 0.100 0.089 0.009 0.091 
 224   (0.022) 0.011 0.016 0.017 0.005 0.005 
 216   (0.076) 0.018 0.084 0.049 0.012 0.081 
 200   (0.017) 0.002 0.018 0.003 0.001 0.003 
 204   (0.019) 0.002 0.019 0.003 0.001 0.003 
 188   (0.032) 0.023 0.039 0.011 0.002 0.007 
 208   (0.017) 0.002 0.012 0.005 0.001 0.010 

Locus 12 : 
18 alleles
0.0% missing data
 144   (0.042) 0.005 0.044 0.015 0.062 0.020 
 162   (0.044) 0.005 0.050 0.019 0.012 0.040 
 170   (0.037) 0.004 0.032 0.036 0.003 0.048 
   0   (0.035) 0.726 0.028 0.011 0.145 0.009 
 148   (0.083) 0.025 0.079 0.101 0.104 0.086 
 142   (0.080) 0.024 0.067 0.174 0.046 0.068 
 154   (0.042) 0.007 0.043 0.050 0.007 0.022 
 146   (0.314) 0.104 0.353 0.365 0.467 0.423 
 164   (0.052) 0.005 0.052 0.033 0.003 0.061 
 168   (0.023) 0.006 0.021 0.011 0.002 0.032 
 156   (0.055) 0.057 0.043 0.070 0.009 0.082 
 172   (0.038) 0.006 0.041 0.021 0.011 0.033 
 166   (0.058) 0.014 0.054 0.060 0.014 0.045 
 158   (0.031) 0.004 0.037 0.013 0.021 0.010 
 150   (0.016) 0.002 0.014 0.004 0.003 0.005 
 174   (0.011) 0.001 0.015 0.002 0.001 0.002 
 182   (0.015) 0.002 0.012 0.006 0.001 0.007 
 160   (0.023) 0.002 0.016 0.009 0.086 0.007 

Locus 13 : 
16 alleles
0.0% missing data
 285   (0.266) 0.111 0.298 0.318 0.069 0.294 
 291   (0.118) 0.048 0.123 0.068 0.011 0.183 
 289   (0.130) 0.016 0.122 0.175 0.010 0.281 
   0   (0.089) 0.746 0.074 0.037 0.803 0.027 
 277   (0.040) 0.005 0.034 0.024 0.004 0.033 
 273   (0.030) 0.005 0.021 0.183 0.003 0.009 
 293   (0.048) 0.021 0.062 0.047 0.004 0.013 
 287   (0.048) 0.007 0.042 0.062 0.018 0.031 
 295   (0.054) 0.006 0.058 0.019 0.003 0.056 
 301   (0.017) 0.003 0.015 0.005 0.001 0.006 
 303   (0.030) 0.004 0.030 0.016 0.004 0.013 
 279   (0.030) 0.016 0.025 0.010 0.002 0.018 
 181   (0.018) 0.003 0.012 0.015 0.001 0.003 
 283   (0.029) 0.003 0.029 0.006 0.063 0.005 
 281   (0.016) 0.002 0.011 0.004 0.001 0.010 
 297   (0.037) 0.004 0.044 0.013 0.003 0.017 

Values of parameters used in structure:
DATAFILE=bws18_structure.txt,	OUTFILE=bws18_structurek5_results,	NUMINDS=136,	NUMLOCI=13,	MISSING=-9,	LABEL=1,	POPDATA=1,	POPFLAG=0,	PHENOTYPE=0,	EXTRACOLS=0,	MAXPOPS=5,	BURNIN=10000,	NUMREPS=20000,	USEPOPINFO=0,	INFERALPHA=1,	INFERLAMBDA=0,	POPSPECIFICLAMBDA=0,	POPALPHAS=0,	COMPUTEPROB=1,	NOADMIX=0,	ADMBURNIN=500,	UPDATEFREQ=100,	PRINTLIKES=0,	INTERMEDSAVE=0,	PRINTKLD=0,	PRINTNET=1,	PRINTLAMBDA=1,	ANCESTDIST=0,	NUMBOXES=1000,	ANCESTPINT=0.90000,	GENSBACK=2,	MIGRPRIOR=0.01000,	PRINTQHAT=0,	PRINTQSUM=1,	ALPHA=1.0000,	FREQSCORR=1,	FPRIORMEAN=0.0100,	FPRIORSD=0.0500,	ONEFST=0,	LAMBDA=1.0000,	UNIFPRIORALPHA=1,	ALPHAMAX=10.0000,	ALPHAPRIORA=1.0000,	ALPHAPRIORB=2.0000,	ALPHAPROPSD=0.0250,	STARTATPOPINFO=0,	RANDOMIZE=1,	LINKAGE=0,	METROFREQ=10,	REPORTHITRATE=0,	MARKOVPHASE=0,	PHASED=0,	PLOIDY=2,	PHASEINFO=0	LOCPRIOR=0, 	LOCPRIORINIT=1.000000, 	LOCDATA=0, 	LOCISPOP=1, 	LOCPRIORSTEP=0.100000, 	MAXLOCPRIOR=20.000000, 	SEED=1682095932,	
[STRAT parameters]:    NUMSIMSTATS=1000,	PHENOTYPECOL=-9,	POOLFREQ=10,	LOCUSxONLY=0,	EMERROR=0.00100,	MISSINGPHENO=-9,	