

----------------------------------------------------
STRUCTURE by Pritchard, Stephens and Donnelly (2000)
     and Falush, Stephens and Pritchard (2003)
       Code by Pritchard, Falush and Hubisz
             Version 2.3.4 (Jul 2012)
----------------------------------------------------



Command line arguments:   ./structure -m mainparams_bws18_k7_3 
Input File:    bws18_structure.txt

Run parameters:
   141 individuals
   13 loci
   7 populations assumed
   10000 Burn-in period
   20000 Reps


--------------------------------------------
Proportion of membership of each pre-defined
 population in each of the 7 clusters

Given    Inferred Clusters                                   Number of
 Pop       1      2      3      4      5      6      7      Individuals

 17:     0.195  0.100  0.163  0.077  0.158  0.163  0.144       18
 22:     0.123  0.200  0.171  0.046  0.160  0.137  0.162       11
 29:     0.166  0.244  0.150  0.091  0.107  0.124  0.119       14
 62:     0.097  0.147  0.119  0.156  0.121  0.158  0.202       20
122:     0.225  0.109  0.216  0.080  0.144  0.098  0.127       14
193:     0.116  0.180  0.149  0.207  0.123  0.099  0.125       14
205:     0.115  0.239  0.155  0.056  0.176  0.144  0.115       21
286:     0.131  0.158  0.111  0.109  0.167  0.164  0.161       14
328:     0.111  0.102  0.116  0.295  0.085  0.123  0.168       15
--------------------------------------------

Allele-freq. divergence among pops (Net nucleotide distance),
computed using point estimates of P.

      1       2       3       4       5       6       7      
 1      -    0.0115  0.0039  0.0302  0.0029  0.0089  0.0104  
 2   0.0115     -    0.0155  0.0406  0.0134  0.0219  0.0199  
 3   0.0039  0.0155     -    0.0332  0.0058  0.0129  0.0106  
 4   0.0302  0.0406  0.0332     -    0.0309  0.0375  0.0411  
 5   0.0029  0.0134  0.0058  0.0309     -    0.0045  0.0109  
 6   0.0089  0.0219  0.0129  0.0375  0.0045     -    0.0076  
 7   0.0104  0.0199  0.0106  0.0411  0.0109  0.0076     -    

Average distances (expected heterozygosity) between individuals in same cluster:
cluster  1  : 0.7348 
cluster  2  : 0.6681 
cluster  3  : 0.6964 
cluster  4  : 0.6269 
cluster  5  : 0.7018 
cluster  6  : 0.6838 
cluster  7  : 0.6656 

--------------------------------------------
Estimated Ln Prob of Data   = -5425.5
Mean value of ln likelihood = -4750.6
Variance of ln likelihood   = 1349.7
Mean value of alpha         = 0.0745

Mean value of Fst_1         = 0.0186
Mean value of Fst_2         = 0.0935
Mean value of Fst_3         = 0.0726
Mean value of Fst_4         = 0.1650
Mean value of Fst_5         = 0.0948
Mean value of Fst_6         = 0.1156
Mean value of Fst_7         = 0.1125


Inferred ancestry of individuals:
        Label (%Miss) Pop:  Inferred clusters
  1    0079C    (0)   17 :  0.174 0.087 0.284 0.148 0.238 0.044 0.026 
  2    0079D    (0)   17 :  0.104 0.101 0.247 0.031 0.166 0.085 0.266 
  3    0079E   (23)   17 :  0.349 0.109 0.091 0.020 0.171 0.206 0.054 
  4    0079G    (0)   17 :  0.207 0.130 0.162 0.096 0.176 0.066 0.163 
  5    0082A    (0)   17 :  0.090 0.025 0.064 0.028 0.327 0.424 0.042 
  6    0082B    (0)   17 :  0.025 0.028 0.023 0.016 0.159 0.253 0.496 
  7    0082C   (15)   17 :  0.054 0.117 0.036 0.630 0.087 0.039 0.037 
  8    0082D   (23)   17 :  0.289 0.217 0.105 0.090 0.055 0.098 0.147 
  9    0121B   (38)   22 :  0.069 0.095 0.055 0.030 0.309 0.395 0.047 
 10    0121C    (0)   22 :  0.126 0.585 0.064 0.046 0.107 0.040 0.032 
 11    0147A   (38)   29 :  0.195 0.111 0.101 0.189 0.094 0.178 0.131 
 12    0147B    (7)   29 :  0.089 0.664 0.107 0.027 0.055 0.028 0.030 
 13    0147D   (30)   29 :  0.120 0.234 0.121 0.018 0.066 0.129 0.312 
 14    0167A    (0)   17 :  0.181 0.093 0.282 0.018 0.180 0.086 0.159 
 15    0167B    (0)   17 :  0.231 0.036 0.263 0.059 0.101 0.132 0.179 
 16    0167C    (0)   17 :  0.055 0.049 0.037 0.016 0.340 0.441 0.061 
 17    0309A    (0)   62 :  0.021 0.069 0.026 0.026 0.025 0.302 0.531 
 18    0309C    (0)   62 :  0.156 0.142 0.239 0.038 0.152 0.078 0.195 
 19    0309D   (30)   62 :  0.070 0.132 0.023 0.015 0.086 0.210 0.465 
 20    0309E   (15)   62 :  0.068 0.070 0.045 0.046 0.078 0.280 0.413 
 21    0625A    (7)   122 :  0.122 0.126 0.229 0.039 0.089 0.117 0.278 
 22    0625B    (0)   122 :  0.163 0.085 0.245 0.086 0.094 0.182 0.143 
 23    0625C    (0)   122 :  0.109 0.020 0.330 0.125 0.147 0.057 0.212 
 24    0625D    (0)   122 :  0.099 0.128 0.166 0.254 0.121 0.089 0.143 
 25    1029C   (23)   193 :  0.088 0.502 0.063 0.036 0.048 0.113 0.149 
 26    1029D   (30)   193 :  0.166 0.332 0.152 0.087 0.111 0.048 0.104 
 27    1029G   (46)   193 :  0.150 0.082 0.162 0.031 0.158 0.184 0.233 
 28    1187A    (0)   29 :  0.038 0.848 0.029 0.016 0.023 0.016 0.030 
 29    1187B    (0)   29 :  0.187 0.104 0.127 0.224 0.099 0.129 0.130 
 30    1187C    (0)   29 :  0.064 0.717 0.038 0.021 0.029 0.034 0.098 
 31    1187D   (15)   29 :  0.224 0.054 0.139 0.060 0.199 0.222 0.103 
 32    1187E    (0)   29 :  0.042 0.019 0.034 0.275 0.232 0.329 0.070 
 33    1314A   (15)   193 :  0.027 0.029 0.027 0.794 0.054 0.042 0.027 
 34    1314B   (15)   193 :  0.090 0.086 0.242 0.167 0.099 0.105 0.210 
 35    1314C    (0)   193 :  0.089 0.068 0.358 0.022 0.090 0.127 0.246 
 36    1314D    (0)   193 :  0.114 0.476 0.109 0.047 0.117 0.063 0.073 
 37    1314E    (7)   193 :  0.051 0.033 0.048 0.545 0.112 0.124 0.086 
 38    1319A    (0)   62 :  0.065 0.074 0.147 0.064 0.126 0.173 0.351 
 39    1319B    (7)   62 :  0.046 0.078 0.300 0.077 0.137 0.109 0.254 
 40    1600A    (0)   29 :  0.101 0.026 0.379 0.030 0.075 0.118 0.272 
 41    1600B    (0)   29 :  0.181 0.084 0.202 0.064 0.172 0.163 0.133 
 42    1600C    (7)   29 :  0.084 0.456 0.068 0.197 0.082 0.067 0.047 
 43    1630A    (7)   193 :  0.100 0.485 0.077 0.039 0.186 0.049 0.064 
 44    1630B   (15)   193 :  0.021 0.029 0.019 0.865 0.025 0.022 0.019 
 45    1630C   (46)   193 :  0.130 0.156 0.120 0.030 0.151 0.197 0.215 
 46    1711A    (7)   286 :  0.028 0.034 0.039 0.027 0.149 0.269 0.454 
 47    1711B    (0)   286 :  0.088 0.051 0.041 0.028 0.148 0.223 0.421 
 48    1711C   (46)   286 :  0.039 0.036 0.058 0.767 0.044 0.025 0.030 
 49    1711D   (23)   286 :  0.287 0.089 0.162 0.027 0.110 0.169 0.156 
 50    1711E   (30)   286 :  0.067 0.070 0.019 0.014 0.055 0.273 0.502 
 51    1715A    (0)   205 :  0.052 0.431 0.086 0.088 0.240 0.030 0.074 
 52    1715B    (0)   205 :  0.079 0.494 0.059 0.022 0.241 0.035 0.069 
 53    1715C    (0)   205 :  0.340 0.123 0.139 0.053 0.155 0.164 0.026 
 54    1715D    (0)   205 :  0.071 0.035 0.331 0.009 0.155 0.120 0.278 
 55    1715E    (0)   205 :  0.104 0.251 0.232 0.034 0.199 0.055 0.125 
 56    1726A    (0)   205 :  0.081 0.591 0.047 0.041 0.147 0.042 0.051 
 57    1726B   (23)   205 :  0.139 0.057 0.243 0.157 0.184 0.167 0.054 
 58    1783A   (46)   205 :  0.098 0.567 0.077 0.021 0.107 0.042 0.088 
 59    1783B    (0)   205 :  0.076 0.289 0.054 0.041 0.088 0.141 0.310 
 60    1783C    (0)   205 :  0.114 0.433 0.081 0.039 0.118 0.116 0.099 
 61    1783D    (0)   205 :  0.030 0.843 0.018 0.019 0.044 0.020 0.026 
 62    1783E    (0)   205 :  0.308 0.030 0.281 0.062 0.198 0.091 0.029 
 63    2008C    (0)   62 :  0.154 0.457 0.102 0.016 0.067 0.098 0.106 
 64    2008D    (0)   62 :  0.129 0.055 0.244 0.030 0.188 0.170 0.183 
 65    2008E    (7)   62 :  0.058 0.146 0.057 0.112 0.065 0.245 0.317 
 66    2008F   (38)   62 :  0.061 0.108 0.114 0.410 0.144 0.098 0.065 
 67    2008G    (7)   62 :  0.100 0.170 0.273 0.016 0.084 0.084 0.273 
 68    2008H    (0)   62 :  0.024 0.023 0.020 0.850 0.025 0.042 0.016 
 69    2033A   (23)   328 :  0.180 0.184 0.130 0.029 0.183 0.212 0.082 
 70    2159A    (0)   328 :  0.027 0.022 0.037 0.723 0.050 0.071 0.071 
 71    2159B    (0)   328 :  0.011 0.011 0.012 0.933 0.010 0.010 0.013 
 72    2159C    (0)   328 :  0.179 0.101 0.390 0.059 0.095 0.058 0.119 
 73    2159D    (0)   328 :  0.010 0.010 0.010 0.938 0.009 0.011 0.012 
 74    2159E    (0)   328 :  0.085 0.459 0.031 0.166 0.081 0.129 0.048 
 75    2341B    (7)   62 :  0.023 0.024 0.082 0.019 0.148 0.371 0.334 
 76    2341C    (0)   62 :  0.387 0.213 0.151 0.018 0.158 0.039 0.035 
 77    2351A    (0)   62 :  0.062 0.030 0.079 0.036 0.310 0.453 0.031 
 78    2366A   (46)   122 :  0.138 0.098 0.157 0.252 0.148 0.094 0.113 
 79    2366B   (46)   122 :  0.103 0.380 0.133 0.044 0.152 0.056 0.133 
 80    2366C    (0)   122 :  0.229 0.178 0.261 0.030 0.267 0.016 0.018 
 81    2366D    (0)   122 :  0.369 0.024 0.257 0.055 0.167 0.101 0.028 
 82    2409A   (15)   122 :  0.026 0.026 0.031 0.027 0.358 0.470 0.062 
 83    2423C    (0)   205 :  0.119 0.105 0.271 0.175 0.125 0.066 0.139 
 84    2423D    (7)   205 :  0.040 0.043 0.442 0.017 0.107 0.083 0.269 
 85    2423E   (30)   205 :  0.259 0.062 0.272 0.024 0.173 0.110 0.101 
 86    2856A   (23)   22 :  0.098 0.444 0.054 0.024 0.169 0.124 0.086 
 87    2856B    (7)   22 :  0.169 0.200 0.233 0.087 0.186 0.061 0.064 
 88    2856C    (7)   22 :  0.083 0.058 0.038 0.032 0.168 0.274 0.347 
 89    2856E   (23)   22 :  0.067 0.033 0.347 0.052 0.083 0.135 0.283 
 90    3026A    (0)   17 :  0.517 0.188 0.143 0.038 0.065 0.025 0.023 
 91    3026B   (15)   17 :  0.323 0.034 0.211 0.056 0.088 0.116 0.171 
 92    3253A    (0)   205 :  0.096 0.097 0.166 0.032 0.157 0.175 0.277 
 93    3280A    (0)   328 :  0.087 0.054 0.096 0.015 0.042 0.287 0.418 
 94    3280B    (0)   328 :  0.148 0.019 0.370 0.074 0.105 0.117 0.166 
 95    3760C   (23)   122 :  0.759 0.008 0.200 0.006 0.014 0.006 0.007 
 96    4249A    (0)   193 :  0.220 0.061 0.259 0.075 0.187 0.163 0.035 
 97    4316A    (7)   17 :  0.174 0.104 0.194 0.029 0.185 0.253 0.061 
 98    4316B    (0)   17 :  0.191 0.101 0.293 0.028 0.108 0.077 0.202 
 99    4316C   (15)   17 :  0.277 0.115 0.213 0.038 0.150 0.086 0.121 
100    4316D   (15)   17 :  0.089 0.218 0.076 0.012 0.082 0.208 0.313 
101    4316E   (15)   17 :  0.177 0.046 0.214 0.026 0.169 0.299 0.069 
102    5597A   (23)   22 :  0.293 0.130 0.234 0.071 0.109 0.065 0.099 
103    5597B    (0)   22 :  0.076 0.159 0.110 0.016 0.136 0.194 0.310 
104    5597C    (0)   22 :  0.166 0.096 0.271 0.076 0.137 0.104 0.151 
105    5597D   (23)   22 :  0.069 0.332 0.135 0.046 0.224 0.055 0.139 
106    5637A    (0)   205 :  0.032 0.026 0.086 0.038 0.307 0.438 0.073 
107    5637C    (7)   205 :  0.127 0.447 0.112 0.141 0.073 0.051 0.049 
108    5637D   (38)   205 :  0.183 0.066 0.174 0.089 0.190 0.129 0.169 
109    5637E   (46)   205 :  0.042 0.018 0.049 0.036 0.324 0.463 0.068 
110    5637G   (46)   205 :  0.022 0.019 0.043 0.031 0.357 0.494 0.034 
111    5912A    (0)   286 :  0.089 0.030 0.094 0.016 0.339 0.376 0.056 
112    5912B    (0)   286 :  0.075 0.611 0.114 0.031 0.084 0.030 0.055 
113    5912C   (30)   286 :  0.042 0.014 0.032 0.017 0.381 0.491 0.021 
114    5912D   (30)   286 :  0.170 0.237 0.171 0.066 0.188 0.073 0.096 
115    5912E   (15)   286 :  0.140 0.421 0.214 0.048 0.082 0.026 0.069 
116    5954B   (38)   286 :  0.368 0.060 0.178 0.192 0.113 0.029 0.060 
117    5954C   (46)   286 :  0.042 0.099 0.071 0.260 0.216 0.192 0.120 
118    5954D   (46)   286 :  0.138 0.329 0.157 0.017 0.172 0.072 0.115 
119    5954E   (53)   286 :  0.256 0.128 0.205 0.009 0.250 0.049 0.103 
120    6136A    (0)   29 :  0.171 0.032 0.196 0.102 0.131 0.240 0.129 
121    6136B    (7)   29 :  0.508 0.016 0.246 0.029 0.107 0.068 0.026 
122    6136C   (15)   29 :  0.315 0.049 0.306 0.026 0.128 0.019 0.156 
123    6337A    (7)   328 :  0.033 0.028 0.019 0.009 0.049 0.298 0.564 
124    6337B    (0)   328 :  0.049 0.118 0.053 0.031 0.106 0.217 0.425 
125    6337C    (0)   328 :  0.115 0.080 0.073 0.026 0.159 0.225 0.322 
126    6337D   (15)   328 :  0.029 0.026 0.017 0.862 0.035 0.017 0.015 
127    6337E    (7)   328 :  0.247 0.034 0.081 0.454 0.096 0.053 0.035 
128    6382C    (0)   122 :  0.189 0.335 0.110 0.040 0.125 0.075 0.125 
129    6382E    (0)   122 :  0.152 0.037 0.326 0.103 0.168 0.031 0.184 
130    6382F   (46)   122 :  0.113 0.018 0.431 0.020 0.114 0.029 0.275 
131    6382G   (15)   122 :  0.584 0.070 0.143 0.044 0.056 0.049 0.055 
132    6514C    (0)   62 :  0.143 0.239 0.060 0.020 0.149 0.158 0.230 
133    6514E    (0)   62 :  0.124 0.380 0.113 0.102 0.121 0.069 0.091 
134    6514F    (0)   62 :  0.098 0.050 0.211 0.352 0.111 0.086 0.093 
135    6514G   (30)   62 :  0.119 0.463 0.063 0.017 0.219 0.070 0.047 
136    6514H   (15)   62 :  0.028 0.020 0.031 0.856 0.024 0.026 0.016 
137    6546B   (23)   328 :  0.340 0.045 0.308 0.014 0.141 0.055 0.097 
138    6546C   (30)   328 :  0.123 0.333 0.120 0.088 0.119 0.080 0.137 
139    6706A   (23)   193 :  0.144 0.075 0.214 0.087 0.149 0.106 0.225 
140    6706B   (30)   193 :  0.235 0.105 0.233 0.079 0.239 0.047 0.062 
141    6723B   (46)   22 :  0.137 0.069 0.344 0.032 0.127 0.063 0.229 


Estimated Allele Frequencies in each cluster
First column gives estimated ancestral frequencies


Locus 1 : 
8 alleles
3.5% missing data
 148   (0.678) 0.686 0.810 0.753 0.601 0.724 0.731 0.775 
 146   (0.125) 0.116 0.113 0.083 0.351 0.114 0.110 0.119 
 147   (0.093) 0.091 0.046 0.103 0.031 0.111 0.121 0.077 
 142   (0.026) 0.032 0.010 0.013 0.005 0.011 0.009 0.006 
 137   (0.016) 0.012 0.004 0.009 0.003 0.008 0.006 0.006 
 161   (0.028) 0.033 0.006 0.018 0.004 0.010 0.007 0.007 
 172   (0.015) 0.012 0.004 0.008 0.003 0.007 0.009 0.004 
 151   (0.018) 0.019 0.007 0.013 0.003 0.015 0.005 0.007 

Locus 2 : 
16 alleles
5.7% missing data
 197   (0.276) 0.281 0.267 0.356 0.340 0.269 0.320 0.433 
 205   (0.106) 0.109 0.136 0.136 0.026 0.109 0.083 0.124 
 199   (0.076) 0.088 0.103 0.072 0.019 0.088 0.053 0.064 
 201   (0.163) 0.172 0.129 0.173 0.304 0.200 0.140 0.096 
 203   (0.051) 0.047 0.014 0.041 0.012 0.135 0.195 0.029 
 213   (0.036) 0.031 0.027 0.022 0.008 0.028 0.053 0.084 
 227   (0.035) 0.033 0.013 0.017 0.133 0.015 0.014 0.015 
 221   (0.033) 0.025 0.032 0.012 0.099 0.011 0.009 0.007 
 211   (0.062) 0.064 0.106 0.077 0.018 0.041 0.034 0.044 
 215   (0.024) 0.020 0.007 0.011 0.012 0.025 0.035 0.017 
 217   (0.029) 0.024 0.033 0.018 0.006 0.015 0.027 0.047 
 193   (0.037) 0.036 0.091 0.022 0.008 0.022 0.011 0.015 
 191   (0.033) 0.033 0.031 0.019 0.007 0.026 0.014 0.015 
 219   (0.013) 0.011 0.003 0.011 0.003 0.005 0.004 0.005 
 241   (0.012) 0.014 0.002 0.007 0.002 0.003 0.002 0.002 
 207   (0.014) 0.013 0.005 0.007 0.003 0.006 0.004 0.004 

Locus 3 : 
9 alleles
12.8% missing data
 201   (0.266) 0.260 0.415 0.232 0.330 0.270 0.273 0.257 
 207   (0.330) 0.348 0.345 0.422 0.376 0.369 0.260 0.244 
 204   (0.214) 0.217 0.145 0.175 0.188 0.235 0.324 0.293 
 210   (0.099) 0.095 0.064 0.127 0.075 0.081 0.076 0.110 
 219   (0.018) 0.014 0.008 0.006 0.003 0.009 0.015 0.026 
 198   (0.021) 0.020 0.007 0.014 0.009 0.012 0.010 0.007 
 213   (0.018) 0.014 0.007 0.006 0.003 0.007 0.018 0.028 
 216   (0.019) 0.020 0.006 0.012 0.014 0.010 0.005 0.006 
 189   (0.015) 0.012 0.004 0.005 0.002 0.006 0.018 0.030 

Locus 4 : 
12 alleles
12.8% missing data
 138   (0.136) 0.147 0.130 0.149 0.151 0.086 0.087 0.132 
 140   (0.185) 0.189 0.131 0.163 0.146 0.278 0.371 0.193 
 132   (0.178) 0.180 0.170 0.190 0.169 0.165 0.159 0.178 
 154   (0.016) 0.013 0.006 0.008 0.005 0.007 0.005 0.006 
 142   (0.136) 0.128 0.172 0.150 0.051 0.149 0.170 0.206 
 134   (0.056) 0.062 0.046 0.053 0.053 0.058 0.036 0.055 
 128   (0.029) 0.027 0.012 0.015 0.173 0.015 0.010 0.008 
 136   (0.102) 0.106 0.210 0.095 0.033 0.118 0.076 0.104 
 144   (0.058) 0.057 0.019 0.077 0.109 0.034 0.032 0.037 
 146   (0.025) 0.020 0.008 0.022 0.007 0.014 0.013 0.024 
 152   (0.028) 0.022 0.014 0.017 0.089 0.014 0.009 0.013 
 130   (0.051) 0.047 0.080 0.061 0.013 0.062 0.030 0.044 

Locus 5 : 
9 alleles
16.3% missing data
 257   (0.393) 0.378 0.482 0.471 0.689 0.376 0.356 0.436 
 271   (0.052) 0.055 0.032 0.060 0.017 0.051 0.025 0.033 
 259   (0.335) 0.331 0.389 0.313 0.235 0.379 0.372 0.397 
 261   (0.074) 0.077 0.041 0.071 0.023 0.079 0.129 0.069 
 263   (0.022) 0.018 0.008 0.009 0.009 0.009 0.017 0.017 
 269   (0.021) 0.016 0.005 0.008 0.004 0.047 0.058 0.006 
 273   (0.071) 0.098 0.034 0.052 0.016 0.043 0.028 0.028 
 265   (0.017) 0.015 0.004 0.010 0.004 0.008 0.006 0.004 
 267   (0.015) 0.012 0.005 0.006 0.003 0.007 0.009 0.010 

Locus 6 : 
15 alleles
4.3% missing data
 147   (0.165) 0.160 0.139 0.153 0.586 0.225 0.174 0.102 
 141   (0.118) 0.122 0.106 0.103 0.027 0.123 0.197 0.252 
 149   (0.101) 0.097 0.164 0.070 0.066 0.106 0.093 0.135 
 159   (0.058) 0.054 0.023 0.080 0.014 0.100 0.132 0.045 
 137   (0.090) 0.095 0.036 0.121 0.026 0.078 0.098 0.143 
 139   (0.039) 0.038 0.010 0.037 0.009 0.030 0.026 0.024 
 161   (0.062) 0.067 0.127 0.059 0.020 0.049 0.035 0.041 
 151   (0.073) 0.080 0.180 0.061 0.017 0.069 0.043 0.034 
 153   (0.081) 0.086 0.075 0.074 0.031 0.065 0.053 0.080 
 165   (0.054) 0.054 0.067 0.049 0.012 0.039 0.029 0.040 
 145   (0.061) 0.053 0.038 0.071 0.160 0.039 0.034 0.043 
 135   (0.015) 0.012 0.004 0.007 0.003 0.007 0.007 0.007 
 157   (0.036) 0.035 0.011 0.034 0.019 0.035 0.050 0.014 
 143   (0.030) 0.029 0.016 0.071 0.008 0.024 0.016 0.038 
 155   (0.019) 0.020 0.004 0.010 0.003 0.012 0.014 0.004 

Locus 7 : 
4 alleles
2.1% missing data
 138   (0.756) 0.756 0.718 0.740 0.922 0.801 0.857 0.835 
 144   (0.076) 0.079 0.097 0.082 0.016 0.051 0.030 0.053 
 132   (0.153) 0.154 0.181 0.168 0.059 0.142 0.109 0.105 
 135   (0.015) 0.011 0.004 0.010 0.003 0.006 0.004 0.007 

Locus 8 : 
12 alleles
20.6% missing data
 276   (0.069) 0.065 0.093 0.058 0.098 0.064 0.026 0.031 
 286   (0.134) 0.137 0.063 0.184 0.081 0.159 0.139 0.122 
 278   (0.218) 0.220 0.427 0.168 0.289 0.251 0.216 0.147 
 270   (0.030) 0.031 0.014 0.023 0.009 0.020 0.026 0.014 
 280   (0.223) 0.228 0.180 0.231 0.173 0.256 0.310 0.303 
 266   (0.042) 0.034 0.026 0.020 0.022 0.036 0.055 0.076 
 282   (0.134) 0.137 0.081 0.195 0.126 0.126 0.148 0.185 
 274   (0.030) 0.028 0.048 0.018 0.019 0.016 0.009 0.008 
 290   (0.028) 0.027 0.030 0.014 0.006 0.015 0.037 0.068 
 284   (0.035) 0.032 0.014 0.047 0.010 0.024 0.014 0.028 
 288   (0.035) 0.038 0.014 0.026 0.163 0.019 0.014 0.013 
 272   (0.021) 0.022 0.009 0.014 0.005 0.014 0.007 0.005 

Locus 9 : 
15 alleles
3.5% missing data
 146   (0.423) 0.452 0.509 0.488 0.532 0.473 0.456 0.512 
 178   (0.031) 0.035 0.010 0.027 0.009 0.027 0.017 0.007 
 170   (0.042) 0.042 0.014 0.076 0.035 0.029 0.018 0.043 
 166   (0.061) 0.060 0.076 0.062 0.018 0.057 0.056 0.046 
 172   (0.050) 0.049 0.134 0.030 0.021 0.027 0.034 0.024 
 168   (0.077) 0.069 0.055 0.066 0.085 0.066 0.106 0.142 
 162   (0.017) 0.013 0.006 0.008 0.003 0.015 0.018 0.005 
 148   (0.084) 0.079 0.069 0.077 0.038 0.123 0.118 0.091 
 160   (0.067) 0.056 0.029 0.053 0.136 0.092 0.109 0.054 
 174   (0.031) 0.032 0.012 0.029 0.010 0.024 0.015 0.014 
 158   (0.028) 0.026 0.016 0.016 0.093 0.011 0.011 0.011 
 154   (0.036) 0.033 0.050 0.029 0.010 0.031 0.023 0.033 
 164   (0.013) 0.012 0.004 0.006 0.003 0.006 0.005 0.003 
 180   (0.014) 0.015 0.003 0.007 0.002 0.003 0.003 0.003 
 142   (0.027) 0.028 0.014 0.028 0.006 0.016 0.011 0.012 

Locus 10 : 
7 alleles
5.0% missing data
 158   (0.781) 0.782 0.911 0.841 0.787 0.820 0.823 0.884 
 160   (0.110) 0.104 0.042 0.096 0.171 0.130 0.144 0.085 
 154   (0.026) 0.028 0.013 0.014 0.007 0.012 0.011 0.009 
 156   (0.022) 0.019 0.021 0.015 0.006 0.017 0.007 0.010 
 152   (0.031) 0.042 0.006 0.023 0.005 0.011 0.008 0.006 
 144   (0.015) 0.010 0.003 0.005 0.022 0.005 0.003 0.003 
 162   (0.015) 0.015 0.004 0.006 0.003 0.004 0.004 0.004 

Locus 11 : 
14 alleles
29.1% missing data
 214   (0.142) 0.164 0.106 0.202 0.054 0.197 0.097 0.110 
 220   (0.147) 0.152 0.128 0.156 0.315 0.117 0.103 0.121 
 210   (0.092) 0.087 0.105 0.091 0.049 0.072 0.097 0.142 
 218   (0.278) 0.264 0.329 0.309 0.326 0.298 0.411 0.466 
 192   (0.015) 0.014 0.006 0.007 0.003 0.009 0.009 0.005 
 194   (0.014) 0.014 0.006 0.006 0.003 0.008 0.009 0.005 
 212   (0.036) 0.030 0.022 0.032 0.065 0.024 0.014 0.020 
 222   (0.093) 0.088 0.184 0.081 0.085 0.085 0.102 0.066 
 224   (0.017) 0.014 0.006 0.007 0.004 0.026 0.031 0.006 
 216   (0.083) 0.084 0.080 0.059 0.048 0.126 0.100 0.036 
 200   (0.017) 0.019 0.004 0.010 0.003 0.005 0.004 0.004 
 204   (0.018) 0.019 0.005 0.010 0.003 0.005 0.004 0.004 
 188   (0.031) 0.038 0.009 0.024 0.037 0.020 0.014 0.009 
 208   (0.016) 0.014 0.010 0.008 0.004 0.007 0.006 0.007 

Locus 12 : 
17 alleles
18.4% missing data
 144   (0.034) 0.036 0.017 0.034 0.042 0.034 0.014 0.014 
 162   (0.039) 0.044 0.016 0.054 0.015 0.041 0.015 0.023 
 170   (0.038) 0.033 0.051 0.024 0.011 0.032 0.040 0.037 
 148   (0.091) 0.079 0.136 0.066 0.178 0.118 0.115 0.071 
 142   (0.076) 0.070 0.092 0.044 0.062 0.131 0.159 0.082 
 154   (0.043) 0.041 0.051 0.025 0.040 0.044 0.047 0.015 
 146   (0.357) 0.376 0.409 0.470 0.487 0.376 0.352 0.400 
 164   (0.053) 0.052 0.065 0.040 0.021 0.042 0.033 0.028 
 168   (0.029) 0.030 0.010 0.031 0.006 0.020 0.015 0.019 
 156   (0.054) 0.046 0.051 0.029 0.094 0.032 0.096 0.160 
 172   (0.032) 0.029 0.019 0.043 0.009 0.030 0.030 0.034 
 166   (0.054) 0.058 0.040 0.052 0.016 0.041 0.044 0.062 
 158   (0.027) 0.031 0.007 0.038 0.005 0.013 0.009 0.021 
 150   (0.016) 0.014 0.005 0.009 0.003 0.007 0.008 0.007 
 174   (0.015) 0.016 0.003 0.008 0.002 0.004 0.003 0.003 
 182   (0.018) 0.015 0.006 0.012 0.004 0.007 0.005 0.008 
 160   (0.025) 0.030 0.023 0.020 0.004 0.028 0.013 0.016 

Locus 13 : 
15 alleles
31.2% missing data
 285   (0.299) 0.303 0.265 0.274 0.449 0.333 0.391 0.307 
 291   (0.127) 0.131 0.337 0.101 0.081 0.123 0.089 0.096 
 289   (0.166) 0.160 0.130 0.313 0.088 0.215 0.202 0.199 
 277   (0.050) 0.045 0.052 0.034 0.017 0.053 0.020 0.025 
 273   (0.039) 0.034 0.024 0.019 0.009 0.051 0.103 0.202 
 293   (0.054) 0.061 0.018 0.061 0.017 0.049 0.050 0.033 
 287   (0.038) 0.033 0.013 0.026 0.266 0.028 0.025 0.015 
 295   (0.057) 0.058 0.089 0.038 0.016 0.046 0.025 0.021 
 301   (0.018) 0.014 0.015 0.008 0.004 0.010 0.006 0.006 
 303   (0.026) 0.027 0.011 0.017 0.006 0.013 0.027 0.028 
 279   (0.024) 0.028 0.014 0.032 0.009 0.014 0.010 0.012 
 181   (0.014) 0.012 0.005 0.006 0.004 0.009 0.011 0.012 
 283   (0.035) 0.045 0.011 0.026 0.019 0.016 0.010 0.011 
 281   (0.017) 0.013 0.007 0.008 0.004 0.008 0.010 0.012 
 297   (0.036) 0.037 0.011 0.037 0.010 0.030 0.020 0.021 

Values of parameters used in structure:
DATAFILE=bws18_structure.txt,	OUTFILE=bws18_structurek7_3_results,	NUMINDS=141,	NUMLOCI=13,	MISSING=-9,	LABEL=1,	POPDATA=1,	POPFLAG=0,	PHENOTYPE=0,	EXTRACOLS=0,	MAXPOPS=7,	BURNIN=10000,	NUMREPS=20000,	USEPOPINFO=0,	INFERALPHA=1,	INFERLAMBDA=0,	POPSPECIFICLAMBDA=0,	POPALPHAS=0,	COMPUTEPROB=1,	NOADMIX=0,	ADMBURNIN=500,	UPDATEFREQ=100,	PRINTLIKES=0,	INTERMEDSAVE=0,	PRINTKLD=0,	PRINTNET=1,	PRINTLAMBDA=1,	ANCESTDIST=0,	NUMBOXES=1000,	ANCESTPINT=0.90000,	GENSBACK=2,	MIGRPRIOR=0.01000,	PRINTQHAT=0,	PRINTQSUM=1,	ALPHA=1.0000,	FREQSCORR=1,	FPRIORMEAN=0.0100,	FPRIORSD=0.0500,	ONEFST=0,	LAMBDA=1.0000,	UNIFPRIORALPHA=1,	ALPHAMAX=10.0000,	ALPHAPRIORA=1.0000,	ALPHAPRIORB=2.0000,	ALPHAPROPSD=0.0250,	STARTATPOPINFO=0,	RANDOMIZE=1,	LINKAGE=0,	METROFREQ=10,	REPORTHITRATE=0,	MARKOVPHASE=0,	PHASED=0,	PLOIDY=2,	PHASEINFO=0	LOCPRIOR=0, 	LOCPRIORINIT=1.000000, 	LOCDATA=0, 	LOCISPOP=1, 	LOCPRIORSTEP=0.100000, 	MAXLOCPRIOR=20.000000, 	SEED=1680179671,	
[STRAT parameters]:    NUMSIMSTATS=1000,	PHENOTYPECOL=-9,	POOLFREQ=10,	LOCUSxONLY=0,	EMERROR=0.00100,	MISSINGPHENO=-9,	