

----------------------------------------------------
STRUCTURE by Pritchard, Stephens and Donnelly (2000)
     and Falush, Stephens and Pritchard (2003)
       Code by Pritchard, Falush and Hubisz
             Version 2.3.4 (Jul 2012)
----------------------------------------------------



Command line arguments:   ./structure -m mainparams_bws18_k6_2 
Input File:    bws18_structure.txt

Run parameters:
   136 individuals
   13 loci
   6 populations assumed
   10000 Burn-in period
   20000 Reps


--------------------------------------------
Proportion of membership of each pre-defined
 population in each of the 6 clusters

Given    Inferred Clusters                            Number of
 Pop       1      2      3      4      5      6      Individuals

 17:     0.265  0.182  0.183  0.188  0.022  0.161       18
 22:     0.226  0.114  0.167  0.159  0.190  0.145       11
 29:     0.215  0.173  0.175  0.217  0.040  0.180       13
 62:     0.152  0.146  0.244  0.214  0.080  0.164       20
122:     0.092  0.147  0.251  0.153  0.202  0.155       14
193:     0.211  0.135  0.149  0.150  0.197  0.158       14
205:     0.153  0.117  0.223  0.199  0.110  0.198       19
286:     0.137  0.118  0.105  0.134  0.431  0.075       13
328:     0.106  0.225  0.229  0.226  0.065  0.149       14
--------------------------------------------

Allele-freq. divergence among pops (Net nucleotide distance),
computed using point estimates of P.

      1       2       3       4       5       6      
 1      -    0.0884  0.0999  0.0955  0.1337  0.0853  
 2   0.0884     -    0.0086  0.0023  0.1832  0.0048  
 3   0.0999  0.0086     -    0.0050  0.1932  0.0056  
 4   0.0955  0.0023  0.0050     -    0.1942  0.0045  
 5   0.1337  0.1832  0.1932  0.1942     -    0.1771  
 6   0.0853  0.0048  0.0056  0.0045  0.1771     -    

Average distances (expected heterozygosity) between individuals in same cluster:
cluster  1  : 0.5952 
cluster  2  : 0.7221 
cluster  3  : 0.6970 
cluster  4  : 0.6929 
cluster  5  : 0.5245 
cluster  6  : 0.7312 

--------------------------------------------
Estimated Ln Prob of Data   = -5909.5
Mean value of ln likelihood = -5443.8
Variance of ln likelihood   = 931.3
Mean value of alpha         = 0.0958

Mean value of Fst_1         = 0.1843
Mean value of Fst_2         = 0.0679
Mean value of Fst_3         = 0.0767
Mean value of Fst_4         = 0.0866
Mean value of Fst_5         = 0.3377
Mean value of Fst_6         = 0.0611


Inferred ancestry of individuals:
        Label (%Miss) Pop:  Inferred clusters
  1    0079C    (0)   17 :  0.011 0.158 0.407 0.246 0.008 0.171 
  2    0079D    (0)   17 :  0.017 0.071 0.461 0.299 0.007 0.145 
  3    0079E    (0)   17 :  0.731 0.110 0.045 0.047 0.015 0.052 
  4    0079G    (0)   17 :  0.015 0.209 0.227 0.330 0.009 0.210 
  5    0082A    (0)   17 :  0.031 0.421 0.123 0.213 0.006 0.206 
  6    0082B    (0)   17 :  0.012 0.428 0.051 0.453 0.015 0.041 
  7    0082C    (0)   17 :  0.514 0.080 0.067 0.079 0.087 0.173 
  8    0082D    (0)   17 :  0.897 0.020 0.024 0.021 0.008 0.030 
  9    0121B    (0)   22 :  0.471 0.053 0.035 0.045 0.336 0.059 
 10    0121C    (0)   22 :  0.009 0.052 0.286 0.297 0.007 0.349 
 11    0147A    (0)   29 :  0.833 0.009 0.009 0.009 0.129 0.010 
 12    0147B    (0)   29 :  0.113 0.070 0.256 0.223 0.043 0.296 
 13    0147D    (0)   29 :  0.862 0.026 0.022 0.020 0.047 0.024 
 14    0167A    (0)   17 :  0.014 0.061 0.526 0.270 0.008 0.121 
 15    0167B    (0)   17 :  0.080 0.382 0.149 0.165 0.006 0.219 
 16    0167C    (0)   17 :  0.024 0.290 0.163 0.358 0.007 0.160 
 17    0309A    (0)   62 :  0.018 0.273 0.260 0.348 0.007 0.094 
 18    0309C    (0)   62 :  0.014 0.073 0.492 0.254 0.008 0.159 
 19    0309D    (0)   62 :  0.494 0.078 0.029 0.057 0.319 0.024 
 20    0309E    (0)   62 :  0.786 0.044 0.074 0.047 0.011 0.038 
 21    0625A    (0)   122 :  0.165 0.230 0.223 0.152 0.018 0.211 
 22    0625B    (0)   122 :  0.041 0.282 0.326 0.190 0.006 0.155 
 23    0625C    (0)   122 :  0.011 0.044 0.665 0.187 0.007 0.087 
 24    0625D    (0)   122 :  0.011 0.046 0.658 0.196 0.007 0.083 
 25    1029C    (0)   193 :  0.707 0.036 0.058 0.078 0.031 0.090 
 26    1029D    (0)   193 :  0.887 0.020 0.014 0.018 0.038 0.023 
 27    1029G    (0)   193 :  0.301 0.029 0.017 0.028 0.601 0.024 
 28    1187B    (0)   29 :  0.017 0.232 0.234 0.365 0.008 0.143 
 29    1187C    (0)   29 :  0.059 0.079 0.255 0.319 0.007 0.280 
 30    1187D    (0)   29 :  0.613 0.077 0.145 0.080 0.010 0.075 
 31    1187E    (0)   29 :  0.010 0.391 0.127 0.408 0.008 0.057 
 32    1314A    (0)   193 :  0.111 0.256 0.115 0.203 0.142 0.172 
 33    1314B    (0)   193 :  0.034 0.404 0.095 0.102 0.027 0.339 
 34    1314C    (0)   193 :  0.021 0.128 0.415 0.266 0.006 0.164 
 35    1314D    (0)   193 :  0.011 0.068 0.297 0.357 0.007 0.261 
 36    1314E    (0)   193 :  0.082 0.360 0.129 0.207 0.081 0.141 
 37    1319A    (0)   62 :  0.024 0.263 0.202 0.395 0.007 0.109 
 38    1319B    (0)   62 :  0.219 0.093 0.351 0.174 0.009 0.153 
 39    1600A    (0)   29 :  0.023 0.233 0.278 0.293 0.008 0.166 
 40    1600B    (0)   29 :  0.013 0.125 0.388 0.234 0.007 0.234 
 41    1600C    (0)   29 :  0.040 0.109 0.173 0.320 0.031 0.328 
 42    1630A    (0)   193 :  0.134 0.084 0.151 0.238 0.058 0.335 
 43    1630B    (0)   193 :  0.166 0.108 0.181 0.182 0.211 0.153 
 44    1630C    (0)   193 :  0.342 0.020 0.021 0.024 0.571 0.022 
 45    1711A    (0)   286 :  0.073 0.385 0.036 0.419 0.051 0.035 
 46    1711B    (0)   286 :  0.010 0.418 0.066 0.465 0.007 0.033 
 47    1711C    (0)   286 :  0.525 0.015 0.015 0.012 0.411 0.021 
 48    1711D    (0)   286 :  0.039 0.192 0.191 0.090 0.331 0.157 
 49    1711E    (0)   286 :  0.826 0.022 0.018 0.017 0.096 0.020 
 50    1715B    (0)   205 :  0.018 0.075 0.211 0.305 0.007 0.384 
 51    1715C    (0)   205 :  0.023 0.270 0.106 0.179 0.007 0.416 
 52    1715D    (0)   205 :  0.012 0.136 0.480 0.203 0.008 0.161 
 53    1715E    (0)   205 :  0.018 0.154 0.353 0.244 0.010 0.221 
 54    1726A    (0)   205 :  0.016 0.096 0.182 0.333 0.013 0.360 
 55    1726B    (0)   205 :  0.657 0.067 0.076 0.076 0.067 0.056 
 56    1783A    (0)   205 :  0.013 0.009 0.008 0.011 0.949 0.010 
 57    1783B    (0)   205 :  0.040 0.183 0.170 0.375 0.009 0.223 
 58    1783C    (0)   205 :  0.024 0.116 0.188 0.296 0.010 0.366 
 59    1783D    (0)   205 :  0.010 0.032 0.194 0.353 0.010 0.401 
 60    1783E    (0)   205 :  0.009 0.175 0.394 0.235 0.007 0.179 
 61    2008C    (0)   62 :  0.020 0.083 0.248 0.331 0.006 0.313 
 62    2008D    (0)   62 :  0.017 0.102 0.545 0.155 0.008 0.174 
 63    2008E    (0)   62 :  0.053 0.179 0.269 0.259 0.041 0.200 
 64    2008F    (0)   62 :  0.483 0.024 0.019 0.023 0.429 0.023 
 65    2008G    (0)   62 :  0.180 0.103 0.284 0.209 0.035 0.189 
 66    2008H    (0)   62 :  0.019 0.237 0.329 0.251 0.007 0.157 
 67    2033A    (0)   328 :  0.013 0.328 0.067 0.069 0.147 0.376 
 68    2159A    (0)   328 :  0.042 0.192 0.474 0.181 0.007 0.104 
 69    2159B    (0)   328 :  0.012 0.148 0.559 0.181 0.006 0.094 
 70    2159C    (0)   328 :  0.014 0.128 0.426 0.289 0.011 0.132 
 71    2159E    (0)   328 :  0.011 0.135 0.203 0.365 0.006 0.280 
 72    2341B    (0)   62 :  0.185 0.244 0.176 0.240 0.017 0.138 
 73    2341C    (0)   62 :  0.014 0.128 0.150 0.263 0.010 0.435 
 74    2351A    (0)   62 :  0.035 0.319 0.264 0.196 0.005 0.181 
 75    2366A    (0)   122 :  0.013 0.049 0.032 0.039 0.832 0.034 
 76    2366B    (0)   122 :  0.012 0.012 0.011 0.013 0.940 0.011 
 77    2366C    (0)   122 :  0.012 0.192 0.231 0.261 0.008 0.297 
 78    2366D    (0)   122 :  0.012 0.259 0.362 0.184 0.007 0.176 
 79    2409A    (0)   122 :  0.504 0.183 0.050 0.182 0.028 0.053 
 80    2423C    (0)   205 :  0.015 0.104 0.469 0.231 0.015 0.166 
 81    2423D    (0)   205 :  0.245 0.104 0.314 0.207 0.011 0.119 
 82    2423E    (0)   205 :  0.624 0.078 0.059 0.049 0.104 0.085 
 83    2856A    (0)   22 :  0.108 0.123 0.094 0.185 0.281 0.209 
 84    2856B    (0)   22 :  0.032 0.181 0.179 0.241 0.022 0.344 
 85    2856C    (0)   22 :  0.075 0.362 0.061 0.373 0.030 0.100 
 86    2856E    (0)   22 :  0.689 0.075 0.072 0.082 0.017 0.065 
 87    3026A    (0)   17 :  0.033 0.156 0.105 0.237 0.007 0.463 
 88    3026B    (0)   17 :  0.507 0.136 0.099 0.084 0.007 0.167 
 89    3253A    (0)   205 :  0.011 0.054 0.628 0.196 0.010 0.100 
 90    3280A    (0)   328 :  0.025 0.327 0.246 0.261 0.008 0.133 
 91    3280B    (0)   328 :  0.012 0.154 0.461 0.213 0.007 0.153 
 92    3760C    (0)   122 :  0.006 0.373 0.007 0.007 0.209 0.398 
 93    4249A    (0)   193 :  0.017 0.227 0.246 0.199 0.007 0.304 
 94    4316A    (0)   17 :  0.386 0.141 0.248 0.111 0.005 0.109 
 95    4316B    (0)   17 :  0.013 0.128 0.416 0.225 0.007 0.211 
 96    4316C    (0)   17 :  0.085 0.290 0.076 0.082 0.184 0.283 
 97    4316D    (0)   17 :  0.741 0.076 0.038 0.092 0.008 0.046 
 98    4316E    (0)   17 :  0.650 0.114 0.061 0.070 0.008 0.098 
 99    5597A    (0)   22 :  0.770 0.052 0.059 0.039 0.032 0.049 
100    5597B    (0)   22 :  0.022 0.162 0.415 0.211 0.007 0.183 
101    5597C    (0)   22 :  0.019 0.134 0.525 0.187 0.007 0.128 
102    5597D    (0)   22 :  0.278 0.047 0.101 0.078 0.400 0.096 
103    5637A    (0)   205 :  0.029 0.368 0.165 0.230 0.011 0.198 
104    5637C    (0)   205 :  0.028 0.151 0.195 0.216 0.153 0.258 
105    5637D    (0)   205 :  0.587 0.031 0.026 0.032 0.286 0.038 
106    5637E    (0)   205 :  0.520 0.023 0.020 0.019 0.402 0.014 
107    5912A    (0)   286 :  0.015 0.208 0.349 0.231 0.009 0.188 
108    5912B    (0)   286 :  0.013 0.057 0.345 0.288 0.008 0.289 
109    5912C    (0)   286 :  0.007 0.139 0.195 0.135 0.416 0.108 
110    5912D    (0)   286 :  0.046 0.035 0.088 0.037 0.746 0.048 
111    5954B    (0)   286 :  0.007 0.024 0.012 0.010 0.924 0.023 
112    5954C    (0)   286 :  0.108 0.014 0.015 0.016 0.833 0.013 
113    5954D    (0)   286 :  0.102 0.014 0.019 0.018 0.822 0.025 
114    5954E    (0)   286 :  0.008 0.012 0.012 0.010 0.946 0.011 
115    6136A    (0)   29 :  0.035 0.341 0.103 0.386 0.008 0.127 
116    6136B    (0)   29 :  0.146 0.388 0.038 0.034 0.008 0.387 
117    6136C    (0)   29 :  0.033 0.165 0.248 0.135 0.205 0.214 
118    6337A    (0)   328 :  0.064 0.396 0.105 0.335 0.039 0.061 
119    6337B    (0)   328 :  0.012 0.357 0.142 0.418 0.006 0.065 
120    6337C    (0)   328 :  0.019 0.407 0.063 0.441 0.008 0.062 
121    6337D    (0)   328 :  0.519 0.085 0.118 0.086 0.046 0.146 
122    6337E    (0)   328 :  0.210 0.268 0.110 0.081 0.027 0.304 
123    6382C    (0)   122 :  0.015 0.094 0.257 0.353 0.008 0.273 
124    6382E    (0)   122 :  0.010 0.098 0.543 0.233 0.009 0.107 
125    6382F    (0)   122 :  0.013 0.063 0.084 0.059 0.718 0.064 
126    6382G    (0)   122 :  0.470 0.141 0.063 0.082 0.025 0.219 
127    6514C    (0)   62 :  0.021 0.248 0.110 0.371 0.027 0.223 
128    6514E    (0)   62 :  0.021 0.101 0.353 0.265 0.020 0.240 
129    6514F    (0)   62 :  0.016 0.137 0.512 0.216 0.008 0.112 
130    6514G    (0)   62 :  0.010 0.031 0.091 0.142 0.539 0.188 
131    6514H    (0)   62 :  0.405 0.162 0.132 0.078 0.088 0.134 
132    6546B    (0)   328 :  0.041 0.173 0.166 0.185 0.316 0.119 
133    6546C    (0)   328 :  0.488 0.053 0.059 0.062 0.280 0.058 
134    6706A    (0)   193 :  0.064 0.077 0.236 0.093 0.434 0.096 
135    6706B    (0)   193 :  0.072 0.073 0.117 0.102 0.549 0.088 
136    6723B    (0)   22 :  0.010 0.009 0.009 0.008 0.954 0.009 


Estimated Allele Frequencies in each cluster
First column gives estimated ancestral frequencies


Locus 1 : 
9 alleles
0.0% missing data
 148   (0.626) 0.799 0.660 0.720 0.701 0.588 0.692 
 146   (0.142) 0.112 0.185 0.115 0.190 0.047 0.137 
 147   (0.098) 0.038 0.081 0.125 0.072 0.067 0.083 
   0   (0.023) 0.020 0.008 0.005 0.005 0.237 0.008 
 142   (0.026) 0.006 0.018 0.008 0.012 0.001 0.029 
 137   (0.016) 0.002 0.007 0.011 0.005 0.001 0.008 
 161   (0.030) 0.010 0.026 0.007 0.007 0.007 0.028 
 172   (0.020) 0.011 0.009 0.005 0.005 0.001 0.009 
 151   (0.019) 0.002 0.006 0.004 0.004 0.051 0.006 

Locus 2 : 
17 alleles
0.0% missing data
 197   (0.234) 0.398 0.293 0.387 0.331 0.085 0.251 
 205   (0.101) 0.038 0.091 0.134 0.112 0.108 0.116 
 199   (0.076) 0.073 0.056 0.049 0.066 0.141 0.071 
 201   (0.145) 0.197 0.171 0.143 0.141 0.113 0.195 
 203   (0.069) 0.088 0.099 0.042 0.063 0.010 0.059 
 213   (0.049) 0.006 0.056 0.043 0.056 0.004 0.039 
 227   (0.039) 0.084 0.023 0.019 0.015 0.005 0.028 
 221   (0.029) 0.006 0.020 0.029 0.024 0.002 0.030 
 211   (0.066) 0.071 0.047 0.062 0.056 0.004 0.065 
 215   (0.025) 0.002 0.036 0.013 0.035 0.001 0.013 
   0   (0.023) 0.005 0.007 0.005 0.004 0.415 0.008 
 217   (0.034) 0.011 0.036 0.023 0.042 0.002 0.025 
 191   (0.034) 0.012 0.020 0.018 0.022 0.010 0.038 
 193   (0.036) 0.003 0.018 0.017 0.020 0.094 0.034 
 219   (0.015) 0.002 0.007 0.009 0.006 0.001 0.008 
 241   (0.012) 0.001 0.011 0.003 0.002 0.002 0.012 
 207   (0.014) 0.002 0.010 0.004 0.004 0.002 0.011 

Locus 3 : 
10 alleles
0.0% missing data
 201   (0.256) 0.256 0.229 0.326 0.287 0.022 0.314 
 207   (0.324) 0.291 0.277 0.398 0.318 0.069 0.358 
 204   (0.198) 0.235 0.330 0.136 0.251 0.019 0.208 
   0   (0.025) 0.025 0.009 0.005 0.005 0.816 0.011 
 210   (0.097) 0.118 0.095 0.100 0.096 0.011 0.070 
 219   (0.020) 0.027 0.010 0.005 0.006 0.010 0.006 
 198   (0.024) 0.002 0.015 0.014 0.013 0.001 0.012 
 213   (0.018) 0.039 0.007 0.004 0.004 0.003 0.006 
 216   (0.017) 0.002 0.007 0.003 0.003 0.047 0.006 
 189   (0.021) 0.003 0.023 0.007 0.017 0.001 0.008 

Locus 4 : 
13 alleles
0.0% missing data
 138   (0.121) 0.162 0.120 0.123 0.097 0.010 0.144 
 140   (0.184) 0.159 0.264 0.203 0.239 0.020 0.179 
 132   (0.142) 0.059 0.128 0.193 0.145 0.254 0.146 
 154   (0.018) 0.002 0.009 0.007 0.008 0.001 0.010 
 142   (0.118) 0.190 0.156 0.102 0.150 0.036 0.116 
 134   (0.051) 0.017 0.038 0.027 0.038 0.176 0.027 
 128   (0.039) 0.087 0.024 0.013 0.019 0.018 0.033 
   0   (0.068) 0.216 0.055 0.028 0.044 0.456 0.062 
 136   (0.099) 0.076 0.080 0.103 0.128 0.011 0.152 
 144   (0.061) 0.018 0.060 0.075 0.051 0.006 0.052 
 146   (0.026) 0.003 0.019 0.022 0.019 0.002 0.013 
 152   (0.028) 0.003 0.014 0.039 0.016 0.004 0.017 
 130   (0.046) 0.008 0.034 0.067 0.044 0.007 0.049 

Locus 5 : 
10 alleles
0.0% missing data
 257   (0.368) 0.104 0.421 0.508 0.493 0.230 0.393 
 271   (0.053) 0.006 0.041 0.059 0.052 0.008 0.039 
 259   (0.317) 0.350 0.315 0.312 0.325 0.083 0.364 
   0   (0.060) 0.280 0.045 0.018 0.024 0.660 0.032 
 261   (0.057) 0.201 0.052 0.036 0.026 0.005 0.035 
 263   (0.019) 0.038 0.007 0.004 0.004 0.002 0.006 
 269   (0.026) 0.003 0.026 0.023 0.023 0.004 0.019 
 273   (0.064) 0.015 0.069 0.025 0.036 0.006 0.096 
 265   (0.020) 0.002 0.010 0.009 0.007 0.001 0.009 
 267   (0.016) 0.002 0.013 0.004 0.010 0.001 0.006 

Locus 6 : 
16 alleles
0.0% missing data
 147   (0.159) 0.216 0.192 0.211 0.177 0.231 0.172 
 141   (0.107) 0.215 0.130 0.121 0.138 0.030 0.110 
 149   (0.094) 0.113 0.097 0.081 0.121 0.107 0.100 
 159   (0.059) 0.138 0.064 0.052 0.057 0.004 0.051 
 137   (0.091) 0.054 0.133 0.089 0.122 0.014 0.094 
 139   (0.036) 0.006 0.034 0.041 0.031 0.003 0.023 
 161   (0.057) 0.109 0.031 0.058 0.041 0.034 0.055 
 151   (0.057) 0.015 0.035 0.078 0.081 0.069 0.107 
 153   (0.086) 0.024 0.078 0.071 0.071 0.090 0.085 
 165   (0.054) 0.042 0.046 0.040 0.040 0.019 0.045 
 145   (0.068) 0.031 0.060 0.082 0.049 0.023 0.063 
 135   (0.013) 0.007 0.005 0.003 0.003 0.013 0.005 
 157   (0.042) 0.022 0.043 0.027 0.036 0.003 0.034 
   0   (0.022) 0.002 0.015 0.006 0.005 0.237 0.017 
 143   (0.036) 0.005 0.017 0.033 0.020 0.121 0.020 
 155   (0.021) 0.002 0.020 0.007 0.007 0.002 0.018 

Locus 7 : 
5 alleles
0.0% missing data
 138   (0.715) 0.817 0.788 0.771 0.808 0.733 0.732 
 144   (0.086) 0.084 0.053 0.060 0.052 0.036 0.074 
 132   (0.146) 0.093 0.099 0.156 0.125 0.203 0.131 
   0   (0.033) 0.003 0.053 0.009 0.010 0.005 0.055 
 135   (0.020) 0.002 0.007 0.004 0.004 0.024 0.007 

Locus 8 : 
13 alleles
0.0% missing data
 276   (0.057) 0.011 0.041 0.065 0.049 0.004 0.065 
 286   (0.121) 0.034 0.147 0.155 0.144 0.008 0.117 
 278   (0.197) 0.170 0.180 0.222 0.229 0.028 0.272 
 270   (0.029) 0.034 0.027 0.014 0.012 0.002 0.017 
 280   (0.199) 0.207 0.268 0.190 0.263 0.023 0.214 
 266   (0.036) 0.011 0.063 0.018 0.069 0.002 0.020 
   0   (0.067) 0.241 0.062 0.025 0.026 0.904 0.068 
 282   (0.136) 0.108 0.119 0.201 0.127 0.014 0.123 
 274   (0.028) 0.007 0.015 0.016 0.014 0.002 0.026 
 290   (0.026) 0.114 0.011 0.008 0.009 0.001 0.011 
 284   (0.035) 0.005 0.020 0.039 0.023 0.007 0.023 
 288   (0.047) 0.056 0.034 0.035 0.023 0.003 0.027 
 272   (0.021) 0.002 0.011 0.012 0.011 0.001 0.017 

Locus 9 : 
16 alleles
0.0% missing data
 146   (0.365) 0.503 0.458 0.452 0.499 0.403 0.456 
 178   (0.031) 0.003 0.035 0.022 0.019 0.002 0.032 
 170   (0.053) 0.035 0.047 0.048 0.034 0.018 0.047 
 166   (0.070) 0.019 0.058 0.083 0.069 0.012 0.079 
 172   (0.051) 0.094 0.027 0.041 0.045 0.003 0.056 
 168   (0.074) 0.152 0.081 0.073 0.078 0.008 0.063 
 162   (0.021) 0.002 0.019 0.007 0.008 0.002 0.018 
 148   (0.070) 0.039 0.058 0.049 0.056 0.264 0.063 
 160   (0.072) 0.030 0.077 0.126 0.080 0.009 0.052 
 174   (0.027) 0.007 0.022 0.028 0.021 0.002 0.029 
 158   (0.041) 0.052 0.026 0.026 0.018 0.003 0.027 
   0   (0.024) 0.036 0.011 0.008 0.006 0.195 0.011 
 154   (0.044) 0.022 0.037 0.017 0.036 0.071 0.028 
 164   (0.020) 0.002 0.010 0.005 0.006 0.001 0.013 
 180   (0.016) 0.002 0.012 0.003 0.003 0.002 0.013 
 142   (0.020) 0.003 0.023 0.011 0.021 0.005 0.014 

Locus 10 : 
8 alleles
0.0% missing data
 158   (0.741) 0.820 0.818 0.807 0.874 0.591 0.797 
 160   (0.118) 0.119 0.098 0.152 0.088 0.010 0.099 
 154   (0.028) 0.036 0.012 0.008 0.009 0.001 0.018 
 156   (0.023) 0.002 0.007 0.005 0.004 0.072 0.008 
 152   (0.027) 0.003 0.038 0.006 0.005 0.002 0.041 
   0   (0.027) 0.003 0.011 0.010 0.008 0.321 0.016 
 144   (0.019) 0.008 0.007 0.006 0.005 0.001 0.010 
 162   (0.019) 0.007 0.009 0.005 0.005 0.001 0.011 

Locus 11 : 
15 alleles
0.0% missing data
 214   (0.127) 0.038 0.111 0.156 0.113 0.049 0.133 
 220   (0.123) 0.030 0.138 0.160 0.160 0.006 0.137 
 210   (0.078) 0.012 0.065 0.131 0.091 0.005 0.072 
 218   (0.247) 0.097 0.366 0.298 0.393 0.012 0.282 
 192   (0.017) 0.013 0.008 0.005 0.004 0.001 0.007 
 194   (0.024) 0.014 0.010 0.006 0.006 0.001 0.010 
 212   (0.038) 0.021 0.020 0.035 0.020 0.003 0.028 
   0   (0.062) 0.695 0.034 0.021 0.026 0.894 0.039 
 222   (0.102) 0.041 0.106 0.076 0.090 0.008 0.117 
 224   (0.027) 0.011 0.016 0.009 0.013 0.004 0.014 
 216   (0.068) 0.012 0.058 0.078 0.058 0.009 0.086 
 200   (0.018) 0.002 0.012 0.004 0.004 0.002 0.014 
 204   (0.022) 0.002 0.015 0.005 0.004 0.002 0.014 
 188   (0.032) 0.012 0.035 0.010 0.009 0.001 0.038 
 208   (0.013) 0.001 0.006 0.006 0.008 0.001 0.009 

Locus 12 : 
18 alleles
0.0% missing data
 144   (0.043) 0.004 0.028 0.024 0.023 0.064 0.032 
 162   (0.036) 0.004 0.027 0.047 0.036 0.012 0.028 
 170   (0.038) 0.004 0.032 0.031 0.044 0.003 0.040 
   0   (0.035) 0.797 0.023 0.015 0.011 0.067 0.030 
 148   (0.089) 0.026 0.095 0.065 0.094 0.099 0.107 
 142   (0.066) 0.016 0.121 0.062 0.135 0.039 0.076 
 154   (0.041) 0.005 0.040 0.027 0.034 0.006 0.047 
 146   (0.302) 0.059 0.349 0.455 0.365 0.538 0.362 
 164   (0.047) 0.004 0.036 0.043 0.049 0.003 0.057 
 168   (0.028) 0.005 0.017 0.030 0.018 0.002 0.023 
 156   (0.063) 0.051 0.067 0.079 0.070 0.009 0.042 
 172   (0.041) 0.004 0.037 0.032 0.024 0.010 0.038 
 166   (0.057) 0.011 0.059 0.047 0.057 0.014 0.043 
 158   (0.033) 0.003 0.026 0.015 0.014 0.030 0.029 
 150   (0.018) 0.002 0.010 0.007 0.005 0.005 0.009 
 174   (0.015) 0.001 0.012 0.003 0.003 0.003 0.013 
 182   (0.018) 0.002 0.008 0.010 0.007 0.001 0.010 
 160   (0.028) 0.003 0.013 0.008 0.011 0.095 0.013 

Locus 13 : 
16 alleles
0.0% missing data
 285   (0.267) 0.097 0.307 0.317 0.303 0.064 0.282 
 291   (0.114) 0.039 0.085 0.126 0.126 0.009 0.157 
 289   (0.140) 0.015 0.137 0.282 0.197 0.009 0.149 
   0   (0.088) 0.798 0.058 0.042 0.037 0.804 0.086 
 277   (0.040) 0.004 0.026 0.023 0.031 0.003 0.037 
 273   (0.036) 0.004 0.127 0.014 0.119 0.003 0.018 
 293   (0.041) 0.006 0.067 0.023 0.025 0.003 0.059 
 287   (0.053) 0.006 0.055 0.048 0.040 0.016 0.035 
 295   (0.042) 0.004 0.027 0.027 0.041 0.002 0.068 
 301   (0.021) 0.003 0.009 0.007 0.008 0.001 0.013 
 303   (0.025) 0.002 0.024 0.017 0.013 0.005 0.017 
 279   (0.029) 0.012 0.016 0.022 0.016 0.002 0.015 
 181   (0.020) 0.002 0.014 0.005 0.011 0.001 0.008 
 283   (0.027) 0.002 0.017 0.006 0.005 0.071 0.020 
 281   (0.022) 0.002 0.010 0.011 0.007 0.001 0.009 
 297   (0.034) 0.003 0.021 0.031 0.020 0.003 0.024 

Values of parameters used in structure:
DATAFILE=bws18_structure.txt,	OUTFILE=bws18_structurek6_2_results,	NUMINDS=136,	NUMLOCI=13,	MISSING=-9,	LABEL=1,	POPDATA=1,	POPFLAG=0,	PHENOTYPE=0,	EXTRACOLS=0,	MAXPOPS=6,	BURNIN=10000,	NUMREPS=20000,	USEPOPINFO=0,	INFERALPHA=1,	INFERLAMBDA=0,	POPSPECIFICLAMBDA=0,	POPALPHAS=0,	COMPUTEPROB=1,	NOADMIX=0,	ADMBURNIN=500,	UPDATEFREQ=100,	PRINTLIKES=0,	INTERMEDSAVE=0,	PRINTKLD=0,	PRINTNET=1,	PRINTLAMBDA=1,	ANCESTDIST=0,	NUMBOXES=1000,	ANCESTPINT=0.90000,	GENSBACK=2,	MIGRPRIOR=0.01000,	PRINTQHAT=0,	PRINTQSUM=1,	ALPHA=1.0000,	FREQSCORR=1,	FPRIORMEAN=0.0100,	FPRIORSD=0.0500,	ONEFST=0,	LAMBDA=1.0000,	UNIFPRIORALPHA=1,	ALPHAMAX=10.0000,	ALPHAPRIORA=1.0000,	ALPHAPRIORB=2.0000,	ALPHAPROPSD=0.0250,	STARTATPOPINFO=0,	RANDOMIZE=1,	LINKAGE=0,	METROFREQ=10,	REPORTHITRATE=0,	MARKOVPHASE=0,	PHASED=0,	PLOIDY=2,	PHASEINFO=0	LOCPRIOR=0, 	LOCPRIORINIT=1.000000, 	LOCDATA=0, 	LOCISPOP=1, 	LOCPRIORSTEP=0.100000, 	MAXLOCPRIOR=20.000000, 	SEED=1682095972,	
[STRAT parameters]:    NUMSIMSTATS=1000,	PHENOTYPECOL=-9,	POOLFREQ=10,	LOCUSxONLY=0,	EMERROR=0.00100,	MISSINGPHENO=-9,	