

----------------------------------------------------
STRUCTURE by Pritchard, Stephens and Donnelly (2000)
     and Falush, Stephens and Pritchard (2003)
       Code by Pritchard, Falush and Hubisz
             Version 2.3.4 (Jul 2012)
----------------------------------------------------



Command line arguments:   ./structure -m mainparams_bws18_k4 
Input File:    bws18_structure.txt

Run parameters:
   141 individuals
   13 loci
   4 populations assumed
   10000 Burn-in period
   20000 Reps


--------------------------------------------
Proportion of membership of each pre-defined
 population in each of the 4 clusters

Given    Inferred Clusters              Number of
 Pop       1      2      3      4      Individuals

 17:     0.320  0.178  0.210  0.292       18
 22:     0.207  0.339  0.232  0.222       11
 29:     0.245  0.330  0.202  0.223       14
 62:     0.195  0.261  0.271  0.274       20
122:     0.333  0.174  0.313  0.180       14
193:     0.197  0.357  0.223  0.223       14
205:     0.197  0.372  0.198  0.233       21
286:     0.226  0.305  0.186  0.283       14
328:     0.247  0.154  0.322  0.276       15
--------------------------------------------

Allele-freq. divergence among pops (Net nucleotide distance),
computed using point estimates of P.

      1       2       3       4      
 1      -    0.0148  0.0040  0.0146  
 2   0.0148     -    0.0199  0.0296  
 3   0.0040  0.0199     -    0.0183  
 4   0.0146  0.0296  0.0183     -    

Average distances (expected heterozygosity) between individuals in same cluster:
cluster  1  : 0.7338 
cluster  2  : 0.6578 
cluster  3  : 0.6900 
cluster  4  : 0.6640 

--------------------------------------------
Estimated Ln Prob of Data   = -5499.9
Mean value of ln likelihood = -4956.9
Variance of ln likelihood   = 1085.9
Mean value of alpha         = 0.1879

Mean value of Fst_1         = 0.0220
Mean value of Fst_2         = 0.0916
Mean value of Fst_3         = 0.0779
Mean value of Fst_4         = 0.0931


Inferred ancestry of individuals:
        Label (%Miss) Pop:  Inferred clusters
  1    0079C    (0)   17 :  0.446 0.138 0.349 0.067 
  2    0079D    (0)   17 :  0.238 0.151 0.381 0.229 
  3    0079E   (23)   17 :  0.458 0.059 0.161 0.322 
  4    0079G    (0)   17 :  0.332 0.203 0.264 0.200 
  5    0082A    (0)   17 :  0.217 0.076 0.102 0.604 
  6    0082B    (0)   17 :  0.058 0.045 0.043 0.855 
  7    0082C   (15)   17 :  0.260 0.228 0.316 0.196 
  8    0082D   (23)   17 :  0.295 0.342 0.215 0.148 
  9    0121B   (38)   22 :  0.171 0.159 0.156 0.514 
 10    0121C    (0)   22 :  0.142 0.621 0.191 0.046 
 11    0147A   (38)   29 :  0.362 0.094 0.361 0.183 
 12    0147B    (7)   29 :  0.077 0.774 0.101 0.047 
 13    0147D   (30)   29 :  0.153 0.603 0.093 0.151 
 14    0167A    (0)   17 :  0.370 0.132 0.336 0.162 
 15    0167B    (0)   17 :  0.384 0.072 0.258 0.286 
 16    0167C    (0)   17 :  0.176 0.080 0.083 0.661 
 17    0309A    (0)   62 :  0.098 0.146 0.297 0.459 
 18    0309C    (0)   62 :  0.262 0.226 0.402 0.109 
 19    0309D   (30)   62 :  0.118 0.185 0.154 0.544 
 20    0309E   (15)   62 :  0.196 0.090 0.435 0.279 
 21    0625A    (7)   122 :  0.211 0.233 0.194 0.363 
 22    0625B    (0)   122 :  0.304 0.085 0.318 0.293 
 23    0625C    (0)   122 :  0.295 0.037 0.585 0.082 
 24    0625D    (0)   122 :  0.185 0.156 0.585 0.074 
 25    1029C   (23)   193 :  0.076 0.767 0.089 0.068 
 26    1029D   (30)   193 :  0.140 0.654 0.112 0.094 
 27    1029G   (46)   193 :  0.213 0.119 0.136 0.533 
 28    1187A    (0)   29 :  0.044 0.876 0.036 0.044 
 29    1187B    (0)   29 :  0.319 0.201 0.242 0.239 
 30    1187C    (0)   29 :  0.069 0.759 0.083 0.089 
 31    1187D   (15)   29 :  0.271 0.171 0.327 0.231 
 32    1187E    (0)   29 :  0.103 0.026 0.181 0.690 
 33    1314A   (15)   193 :  0.182 0.133 0.369 0.316 
 34    1314B   (15)   193 :  0.247 0.152 0.323 0.278 
 35    1314C    (0)   193 :  0.206 0.279 0.253 0.262 
 36    1314D    (0)   193 :  0.102 0.649 0.122 0.127 
 37    1314E    (7)   193 :  0.130 0.094 0.277 0.500 
 38    1319A    (0)   62 :  0.139 0.101 0.133 0.627 
 39    1319B    (7)   62 :  0.155 0.123 0.303 0.419 
 40    1600A    (0)   29 :  0.250 0.086 0.231 0.433 
 41    1600B    (0)   29 :  0.356 0.150 0.281 0.213 
 42    1600C    (7)   29 :  0.096 0.662 0.152 0.091 
 43    1630A    (7)   193 :  0.151 0.642 0.130 0.077 
 44    1630B   (15)   193 :  0.198 0.303 0.406 0.093 
 45    1630C   (46)   193 :  0.127 0.560 0.086 0.227 
 46    1711A    (7)   286 :  0.065 0.036 0.059 0.841 
 47    1711B    (0)   286 :  0.104 0.064 0.067 0.766 
 48    1711C   (46)   286 :  0.273 0.139 0.470 0.118 
 49    1711D   (23)   286 :  0.386 0.267 0.187 0.159 
 50    1711E   (30)   286 :  0.149 0.509 0.097 0.245 
 51    1715A    (0)   205 :  0.100 0.700 0.145 0.055 
 52    1715B    (0)   205 :  0.069 0.809 0.067 0.055 
 53    1715C    (0)   205 :  0.295 0.446 0.128 0.131 
 54    1715D    (0)   205 :  0.293 0.093 0.253 0.361 
 55    1715E    (0)   205 :  0.110 0.732 0.103 0.055 
 56    1726A    (0)   205 :  0.071 0.789 0.076 0.064 
 57    1726B   (23)   205 :  0.276 0.266 0.257 0.202 
 58    1783A   (46)   205 :  0.201 0.567 0.162 0.071 
 59    1783B    (0)   205 :  0.070 0.706 0.060 0.164 
 60    1783C    (0)   205 :  0.130 0.568 0.123 0.179 
 61    1783D    (0)   205 :  0.061 0.847 0.056 0.036 
 62    1783E    (0)   205 :  0.543 0.077 0.285 0.095 
 63    2008C    (0)   62 :  0.134 0.663 0.078 0.125 
 64    2008D    (0)   62 :  0.387 0.095 0.322 0.196 
 65    2008E    (7)   62 :  0.125 0.287 0.314 0.273 
 66    2008F   (38)   62 :  0.220 0.211 0.375 0.194 
 67    2008G    (7)   62 :  0.160 0.414 0.228 0.198 
 68    2008H    (0)   62 :  0.261 0.136 0.471 0.132 
 69    2033A   (23)   328 :  0.266 0.372 0.168 0.194 
 70    2159A    (0)   328 :  0.169 0.041 0.592 0.198 
 71    2159B    (0)   328 :  0.224 0.029 0.708 0.040 
 72    2159C    (0)   328 :  0.326 0.144 0.438 0.092 
 73    2159D    (0)   328 :  0.224 0.027 0.704 0.044 
 74    2159E    (0)   328 :  0.167 0.386 0.185 0.262 
 75    2341B    (7)   62 :  0.064 0.028 0.124 0.784 
 76    2341C    (0)   62 :  0.371 0.428 0.144 0.058 
 77    2351A    (0)   62 :  0.278 0.080 0.225 0.417 
 78    2366A   (46)   122 :  0.255 0.240 0.236 0.268 
 79    2366B   (46)   122 :  0.256 0.336 0.262 0.146 
 80    2366C    (0)   122 :  0.325 0.469 0.172 0.034 
 81    2366D    (0)   122 :  0.548 0.044 0.270 0.138 
 82    2409A   (15)   122 :  0.074 0.055 0.078 0.793 
 83    2423C    (0)   205 :  0.207 0.312 0.380 0.101 
 84    2423D    (7)   205 :  0.227 0.133 0.345 0.295 
 85    2423E   (30)   205 :  0.509 0.085 0.267 0.139 
 86    2856A   (23)   22 :  0.120 0.639 0.084 0.156 
 87    2856B    (7)   22 :  0.319 0.378 0.235 0.068 
 88    2856C    (7)   22 :  0.104 0.093 0.077 0.725 
 89    2856E   (23)   22 :  0.187 0.070 0.305 0.438 
 90    3026A    (0)   17 :  0.351 0.466 0.131 0.052 
 91    3026B   (15)   17 :  0.316 0.079 0.215 0.390 
 92    3253A    (0)   205 :  0.203 0.128 0.519 0.150 
 93    3280A    (0)   328 :  0.168 0.163 0.129 0.539 
 94    3280B    (0)   328 :  0.413 0.035 0.387 0.165 
 95    3760C   (23)   122 :  0.736 0.015 0.236 0.014 
 96    4249A    (0)   193 :  0.413 0.154 0.262 0.171 
 97    4316A    (7)   17 :  0.378 0.150 0.224 0.248 
 98    4316B    (0)   17 :  0.419 0.159 0.261 0.160 
 99    4316C   (15)   17 :  0.448 0.243 0.183 0.126 
100    4316D   (15)   17 :  0.125 0.502 0.084 0.288 
101    4316E   (15)   17 :  0.484 0.087 0.171 0.258 
102    5597A   (23)   22 :  0.353 0.248 0.341 0.057 
103    5597B    (0)   22 :  0.201 0.345 0.323 0.132 
104    5597C    (0)   22 :  0.224 0.385 0.307 0.084 
105    5597D   (23)   22 :  0.101 0.693 0.101 0.105 
106    5637A    (0)   205 :  0.093 0.045 0.130 0.732 
107    5637C    (7)   205 :  0.284 0.297 0.332 0.086 
108    5637D   (38)   205 :  0.199 0.120 0.210 0.472 
109    5637E   (46)   205 :  0.107 0.044 0.145 0.704 
110    5637G   (46)   205 :  0.080 0.042 0.121 0.757 
111    5912A    (0)   286 :  0.298 0.069 0.192 0.441 
112    5912B    (0)   286 :  0.071 0.773 0.087 0.069 
113    5912C   (30)   286 :  0.213 0.086 0.181 0.520 
114    5912D   (30)   286 :  0.345 0.164 0.393 0.098 
115    5912E   (15)   286 :  0.221 0.584 0.134 0.061 
116    5954B   (38)   286 :  0.528 0.074 0.321 0.077 
117    5954C   (46)   286 :  0.097 0.179 0.231 0.493 
118    5954D   (46)   286 :  0.088 0.828 0.048 0.036 
119    5954E   (53)   286 :  0.330 0.500 0.132 0.039 
120    6136A    (0)   29 :  0.230 0.063 0.149 0.558 
121    6136B    (7)   29 :  0.634 0.032 0.215 0.119 
122    6136C   (15)   29 :  0.469 0.126 0.372 0.032 
123    6337A    (7)   328 :  0.104 0.045 0.164 0.687 
124    6337B    (0)   328 :  0.082 0.124 0.100 0.694 
125    6337C    (0)   328 :  0.142 0.094 0.075 0.690 
126    6337D   (15)   328 :  0.311 0.125 0.454 0.111 
127    6337E    (7)   328 :  0.396 0.056 0.410 0.138 
128    6382C    (0)   122 :  0.239 0.454 0.206 0.102 
129    6382E    (0)   122 :  0.329 0.072 0.542 0.056 
130    6382F   (46)   122 :  0.388 0.053 0.500 0.059 
131    6382G   (15)   122 :  0.511 0.184 0.202 0.102 
132    6514C    (0)   62 :  0.109 0.528 0.070 0.293 
133    6514E    (0)   62 :  0.163 0.488 0.225 0.124 
134    6514F    (0)   62 :  0.250 0.087 0.549 0.114 
135    6514G   (30)   62 :  0.080 0.803 0.057 0.060 
136    6514H   (15)   62 :  0.323 0.093 0.511 0.073 
137    6546B   (23)   328 :  0.581 0.081 0.187 0.152 
138    6546C   (30)   328 :  0.136 0.590 0.135 0.139 
139    6706A   (23)   193 :  0.241 0.137 0.344 0.278 
140    6706B   (30)   193 :  0.329 0.360 0.218 0.093 
141    6723B   (46)   22 :  0.355 0.098 0.431 0.117 


Estimated Allele Frequencies in each cluster
First column gives estimated ancestral frequencies


Locus 1 : 
8 alleles
3.5% missing data
 148   (0.667) 0.677 0.825 0.701 0.697 
 146   (0.130) 0.137 0.107 0.159 0.174 
 147   (0.098) 0.096 0.032 0.100 0.107 
 142   (0.026) 0.023 0.014 0.009 0.006 
 137   (0.016) 0.012 0.003 0.007 0.004 
 161   (0.028) 0.027 0.004 0.012 0.005 
 172   (0.015) 0.012 0.002 0.005 0.005 
 151   (0.021) 0.016 0.013 0.007 0.003 

Locus 2 : 
16 alleles
5.7% missing data
 197   (0.267) 0.296 0.251 0.384 0.348 
 205   (0.114) 0.107 0.134 0.078 0.104 
 199   (0.073) 0.066 0.128 0.044 0.040 
 201   (0.154) 0.182 0.174 0.200 0.131 
 203   (0.054) 0.053 0.011 0.040 0.161 
 213   (0.043) 0.034 0.023 0.031 0.061 
 227   (0.038) 0.043 0.013 0.060 0.019 
 221   (0.028) 0.032 0.016 0.049 0.008 
 211   (0.055) 0.051 0.105 0.039 0.027 
 215   (0.025) 0.019 0.005 0.011 0.038 
 217   (0.031) 0.021 0.036 0.012 0.033 
 193   (0.040) 0.034 0.061 0.021 0.009 
 191   (0.031) 0.025 0.035 0.013 0.012 
 219   (0.016) 0.012 0.002 0.007 0.004 
 241   (0.015) 0.013 0.002 0.005 0.002 
 207   (0.015) 0.012 0.004 0.005 0.003 

Locus 3 : 
9 alleles
12.8% missing data
 201   (0.254) 0.260 0.389 0.310 0.197 
 207   (0.346) 0.366 0.375 0.382 0.245 
 204   (0.204) 0.201 0.150 0.153 0.381 
 210   (0.095) 0.094 0.052 0.110 0.116 
 219   (0.019) 0.013 0.007 0.008 0.018 
 198   (0.023) 0.020 0.006 0.011 0.007 
 213   (0.019) 0.013 0.015 0.006 0.009 
 216   (0.021) 0.019 0.004 0.011 0.005 
 189   (0.019) 0.013 0.003 0.008 0.022 

Locus 4 : 
12 alleles
12.8% missing data
 138   (0.145) 0.147 0.119 0.138 0.108 
 140   (0.195) 0.205 0.105 0.195 0.338 
 132   (0.177) 0.183 0.137 0.232 0.138 
 154   (0.016) 0.012 0.004 0.007 0.004 
 142   (0.119) 0.104 0.154 0.084 0.244 
 134   (0.056) 0.050 0.089 0.035 0.030 
 128   (0.037) 0.046 0.020 0.057 0.022 
 136   (0.096) 0.090 0.228 0.070 0.048 
 144   (0.058) 0.073 0.016 0.083 0.027 
 146   (0.028) 0.023 0.006 0.018 0.018 
 152   (0.028) 0.029 0.010 0.052 0.008 
 130   (0.045) 0.038 0.112 0.029 0.013 

Locus 5 : 
9 alleles
16.3% missing data
 257   (0.394) 0.423 0.402 0.548 0.450 
 271   (0.058) 0.053 0.038 0.035 0.031 
 259   (0.306) 0.293 0.455 0.277 0.353 
 261   (0.083) 0.087 0.046 0.064 0.078 
 263   (0.022) 0.018 0.005 0.015 0.010 
 269   (0.028) 0.023 0.006 0.013 0.039 
 273   (0.075) 0.077 0.042 0.036 0.025 
 265   (0.017) 0.014 0.003 0.007 0.004 
 267   (0.016) 0.011 0.003 0.005 0.011 

Locus 6 : 
15 alleles
4.3% missing data
 147   (0.169) 0.200 0.161 0.328 0.182 
 141   (0.114) 0.101 0.129 0.094 0.200 
 149   (0.100) 0.093 0.143 0.078 0.111 
 159   (0.073) 0.072 0.020 0.050 0.113 
 137   (0.091) 0.090 0.034 0.065 0.162 
 139   (0.039) 0.040 0.008 0.024 0.024 
 161   (0.045) 0.040 0.142 0.030 0.012 
 151   (0.058) 0.052 0.166 0.037 0.022 
 153   (0.085) 0.081 0.077 0.059 0.050 
 165   (0.056) 0.051 0.060 0.027 0.030 
 145   (0.056) 0.070 0.032 0.115 0.030 
 135   (0.015) 0.010 0.003 0.005 0.008 
 157   (0.040) 0.039 0.011 0.027 0.036 
 143   (0.038) 0.044 0.012 0.054 0.013 
 155   (0.020) 0.018 0.003 0.009 0.007 

Locus 7 : 
4 alleles
2.1% missing data
 138   (0.757) 0.771 0.737 0.810 0.892 
 144   (0.068) 0.060 0.106 0.038 0.030 
 132   (0.158) 0.157 0.155 0.144 0.075 
 135   (0.016) 0.012 0.003 0.008 0.003 

Locus 8 : 
12 alleles
20.6% missing data
 276   (0.067) 0.069 0.081 0.076 0.018 
 286   (0.140) 0.142 0.060 0.125 0.177 
 278   (0.201) 0.195 0.421 0.189 0.165 
 270   (0.032) 0.033 0.007 0.018 0.022 
 280   (0.218) 0.220 0.190 0.219 0.348 
 266   (0.034) 0.026 0.016 0.015 0.096 
 282   (0.146) 0.157 0.096 0.205 0.119 
 274   (0.031) 0.026 0.036 0.018 0.008 
 290   (0.030) 0.022 0.058 0.012 0.021 
 284   (0.038) 0.037 0.014 0.038 0.011 
 288   (0.039) 0.053 0.014 0.074 0.011 
 272   (0.023) 0.021 0.008 0.010 0.005 

Locus 9 : 
15 alleles
3.5% missing data
 146   (0.396) 0.431 0.570 0.465 0.469 
 178   (0.035) 0.035 0.011 0.017 0.013 
 170   (0.042) 0.052 0.011 0.069 0.020 
 166   (0.062) 0.057 0.064 0.040 0.058 
 172   (0.054) 0.048 0.095 0.032 0.021 
 168   (0.074) 0.070 0.051 0.088 0.120 
 162   (0.019) 0.014 0.007 0.007 0.012 
 148   (0.076) 0.066 0.081 0.056 0.136 
 160   (0.063) 0.066 0.023 0.119 0.080 
 174   (0.038) 0.034 0.013 0.022 0.012 
 158   (0.035) 0.036 0.022 0.037 0.009 
 154   (0.046) 0.039 0.035 0.025 0.030 
 164   (0.016) 0.012 0.006 0.005 0.003 
 180   (0.014) 0.012 0.002 0.005 0.002 
 142   (0.031) 0.029 0.011 0.012 0.014 

Locus 10 : 
7 alleles
5.0% missing data
 158   (0.760) 0.769 0.927 0.781 0.868 
 160   (0.120) 0.126 0.038 0.161 0.105 
 154   (0.027) 0.022 0.013 0.012 0.007 
 156   (0.026) 0.022 0.010 0.017 0.007 
 152   (0.033) 0.035 0.005 0.014 0.006 
 144   (0.017) 0.013 0.003 0.009 0.003 
 162   (0.017) 0.013 0.004 0.005 0.003 

Locus 11 : 
14 alleles
29.1% missing data
 214   (0.162) 0.171 0.160 0.131 0.080 
 220   (0.143) 0.161 0.129 0.210 0.118 
 210   (0.085) 0.082 0.095 0.115 0.071 
 218   (0.246) 0.243 0.317 0.282 0.509 
 192   (0.018) 0.015 0.004 0.007 0.007 
 194   (0.018) 0.015 0.004 0.007 0.007 
 212   (0.036) 0.037 0.019 0.044 0.016 
 222   (0.094) 0.096 0.143 0.081 0.089 
 224   (0.021) 0.016 0.006 0.009 0.022 
 216   (0.086) 0.081 0.100 0.067 0.057 
 200   (0.019) 0.016 0.003 0.007 0.003 
 204   (0.018) 0.015 0.003 0.007 0.003 
 188   (0.032) 0.037 0.007 0.026 0.012 
 208   (0.020) 0.015 0.009 0.008 0.005 

Locus 12 : 
17 alleles
18.4% missing data
 144   (0.039) 0.039 0.022 0.029 0.019 
 162   (0.046) 0.048 0.018 0.038 0.017 
 170   (0.041) 0.032 0.040 0.022 0.039 
 148   (0.086) 0.082 0.117 0.095 0.142 
 142   (0.070) 0.060 0.089 0.043 0.175 
 154   (0.041) 0.037 0.053 0.026 0.029 
 146   (0.335) 0.391 0.428 0.479 0.338 
 164   (0.049) 0.042 0.064 0.032 0.023 
 168   (0.032) 0.030 0.009 0.018 0.016 
 156   (0.060) 0.057 0.038 0.098 0.092 
 172   (0.040) 0.037 0.024 0.032 0.023 
 166   (0.054) 0.051 0.041 0.034 0.057 
 158   (0.032) 0.033 0.007 0.024 0.011 
 150   (0.015) 0.012 0.005 0.006 0.004 
 174   (0.017) 0.015 0.003 0.006 0.003 
 182   (0.016) 0.013 0.004 0.007 0.004 
 160   (0.026) 0.021 0.037 0.010 0.008 

Locus 13 : 
15 alleles
31.2% missing data
 285   (0.275) 0.293 0.335 0.336 0.317 
 291   (0.109) 0.106 0.298 0.098 0.049 
 289   (0.187) 0.195 0.114 0.232 0.235 
 277   (0.041) 0.034 0.060 0.023 0.014 
 273   (0.043) 0.031 0.015 0.018 0.207 
 293   (0.059) 0.066 0.017 0.041 0.044 
 287   (0.050) 0.059 0.016 0.111 0.045 
 295   (0.049) 0.043 0.082 0.024 0.015 
 301   (0.017) 0.012 0.011 0.007 0.004 
 303   (0.031) 0.027 0.014 0.014 0.019 
 279   (0.028) 0.029 0.010 0.027 0.008 
 181   (0.020) 0.014 0.004 0.007 0.015 
 283   (0.036) 0.040 0.007 0.021 0.009 
 281   (0.020) 0.015 0.007 0.010 0.005 
 297   (0.036) 0.037 0.009 0.033 0.013 

Values of parameters used in structure:
DATAFILE=bws18_structure.txt,	OUTFILE=bws18_structurek4_results,	NUMINDS=141,	NUMLOCI=13,	MISSING=-9,	LABEL=1,	POPDATA=1,	POPFLAG=0,	PHENOTYPE=0,	EXTRACOLS=0,	MAXPOPS=4,	BURNIN=10000,	NUMREPS=20000,	USEPOPINFO=0,	INFERALPHA=1,	INFERLAMBDA=0,	POPSPECIFICLAMBDA=0,	POPALPHAS=0,	COMPUTEPROB=1,	NOADMIX=0,	ADMBURNIN=500,	UPDATEFREQ=100,	PRINTLIKES=0,	INTERMEDSAVE=0,	PRINTKLD=0,	PRINTNET=1,	PRINTLAMBDA=1,	ANCESTDIST=0,	NUMBOXES=1000,	ANCESTPINT=0.90000,	GENSBACK=2,	MIGRPRIOR=0.01000,	PRINTQHAT=0,	PRINTQSUM=1,	ALPHA=1.0000,	FREQSCORR=1,	FPRIORMEAN=0.0100,	FPRIORSD=0.0500,	ONEFST=0,	LAMBDA=1.0000,	UNIFPRIORALPHA=1,	ALPHAMAX=10.0000,	ALPHAPRIORA=1.0000,	ALPHAPRIORB=2.0000,	ALPHAPROPSD=0.0250,	STARTATPOPINFO=0,	RANDOMIZE=1,	LINKAGE=0,	METROFREQ=10,	REPORTHITRATE=0,	MARKOVPHASE=0,	PHASED=0,	PLOIDY=2,	PHASEINFO=0	LOCPRIOR=0, 	LOCPRIORINIT=1.000000, 	LOCDATA=0, 	LOCISPOP=1, 	LOCPRIORSTEP=0.100000, 	MAXLOCPRIOR=20.000000, 	SEED=1680179488,	
[STRAT parameters]:    NUMSIMSTATS=1000,	PHENOTYPECOL=-9,	POOLFREQ=10,	LOCUSxONLY=0,	EMERROR=0.00100,	MISSINGPHENO=-9,	