

----------------------------------------------------
STRUCTURE by Pritchard, Stephens and Donnelly (2000)
     and Falush, Stephens and Pritchard (2003)
       Code by Pritchard, Falush and Hubisz
             Version 2.3.4 (Jul 2012)
----------------------------------------------------



Command line arguments:   ./structure -m mainparams_bws18_k4 
Input File:    bws18_structure.txt

Run parameters:
   136 individuals
   13 loci
   4 populations assumed
   10000 Burn-in period
   20000 Reps


--------------------------------------------
Proportion of membership of each pre-defined
 population in each of the 4 clusters

Given    Inferred Clusters              Number of
 Pop       1      2      3      4      Individuals

 17:     0.029  0.290  0.329  0.351       18
 22:     0.219  0.230  0.285  0.266       11
 29:     0.051  0.263  0.421  0.264       13
 62:     0.096  0.247  0.450  0.208       20
122:     0.216  0.310  0.323  0.151       14
193:     0.252  0.264  0.281  0.202       14
205:     0.131  0.264  0.443  0.162       19
286:     0.485  0.133  0.263  0.118       13
328:     0.074  0.279  0.487  0.160       14
--------------------------------------------

Allele-freq. divergence among pops (Net nucleotide distance),
computed using point estimates of P.

      1       2       3       4      
 1      -    0.1545  0.1767  0.1143  
 2   0.1545     -    0.0082  0.0550  
 3   0.1767  0.0082     -    0.0679  
 4   0.1143  0.0550  0.0679     -    

Average distances (expected heterozygosity) between individuals in same cluster:
cluster  1  : 0.5562 
cluster  2  : 0.7399 
cluster  3  : 0.6830 
cluster  4  : 0.6486 

--------------------------------------------
Estimated Ln Prob of Data   = -5909.1
Mean value of ln likelihood = -5590.7
Variance of ln likelihood   = 636.6
Mean value of alpha         = 0.0935

Mean value of Fst_1         = 0.2769
Mean value of Fst_2         = 0.0273
Mean value of Fst_3         = 0.0609
Mean value of Fst_4         = 0.1244


Inferred ancestry of individuals:
        Label (%Miss) Pop:  Inferred clusters
  1    0079C    (0)   17 :  0.008 0.655 0.323 0.014 
  2    0079D    (0)   17 :  0.007 0.097 0.873 0.023 
  3    0079E    (0)   17 :  0.018 0.061 0.037 0.883 
  4    0079G    (0)   17 :  0.010 0.267 0.707 0.016 
  5    0082A    (0)   17 :  0.007 0.783 0.135 0.075 
  6    0082B    (0)   17 :  0.012 0.235 0.732 0.021 
  7    0082C    (0)   17 :  0.226 0.141 0.102 0.532 
  8    0082D    (0)   17 :  0.009 0.016 0.017 0.958 
  9    0121B    (0)   22 :  0.408 0.051 0.038 0.503 
 10    0121C    (0)   22 :  0.009 0.132 0.847 0.012 
 11    0147A    (0)   29 :  0.197 0.010 0.009 0.784 
 12    0147B    (0)   29 :  0.048 0.149 0.563 0.239 
 13    0147D    (0)   29 :  0.084 0.020 0.020 0.876 
 14    0167A    (0)   17 :  0.008 0.115 0.864 0.013 
 15    0167B    (0)   17 :  0.007 0.392 0.158 0.442 
 16    0167C    (0)   17 :  0.008 0.307 0.653 0.032 
 17    0309A    (0)   62 :  0.007 0.133 0.824 0.035 
 18    0309C    (0)   62 :  0.008 0.246 0.729 0.017 
 19    0309D    (0)   62 :  0.404 0.028 0.063 0.505 
 20    0309E    (0)   62 :  0.013 0.020 0.072 0.895 
 21    0625A    (0)   122 :  0.020 0.264 0.317 0.399 
 22    0625B    (0)   122 :  0.007 0.308 0.566 0.120 
 23    0625C    (0)   122 :  0.007 0.338 0.639 0.016 
 24    0625D    (0)   122 :  0.007 0.085 0.896 0.011 
 25    1029C    (0)   193 :  0.092 0.072 0.139 0.698 
 26    1029D    (0)   193 :  0.119 0.023 0.018 0.841 
 27    1029G    (0)   193 :  0.770 0.018 0.024 0.188 
 28    1187B    (0)   29 :  0.009 0.213 0.761 0.017 
 29    1187C    (0)   29 :  0.007 0.140 0.753 0.100 
 30    1187D    (0)   29 :  0.010 0.104 0.107 0.779 
 31    1187E    (0)   29 :  0.008 0.275 0.701 0.016 
 32    1314A    (0)   193 :  0.175 0.448 0.208 0.170 
 33    1314B    (0)   193 :  0.050 0.750 0.167 0.033 
 34    1314C    (0)   193 :  0.007 0.152 0.804 0.037 
 35    1314D    (0)   193 :  0.007 0.084 0.894 0.015 
 36    1314E    (0)   193 :  0.111 0.538 0.283 0.069 
 37    1319A    (0)   62 :  0.008 0.179 0.788 0.025 
 38    1319B    (0)   62 :  0.014 0.157 0.605 0.224 
 39    1600A    (0)   29 :  0.010 0.288 0.666 0.036 
 40    1600B    (0)   29 :  0.007 0.221 0.757 0.016 
 41    1600C    (0)   29 :  0.035 0.515 0.406 0.044 
 42    1630A    (0)   193 :  0.083 0.469 0.321 0.126 
 43    1630B    (0)   193 :  0.231 0.200 0.333 0.236 
 44    1630C    (0)   193 :  0.710 0.025 0.023 0.241 
 45    1711A    (0)   286 :  0.061 0.188 0.654 0.097 
 46    1711B    (0)   286 :  0.007 0.234 0.744 0.015 
 47    1711C    (0)   286 :  0.672 0.020 0.013 0.295 
 48    1711D    (0)   286 :  0.353 0.397 0.168 0.081 
 49    1711E    (0)   286 :  0.118 0.021 0.012 0.848 
 50    1715B    (0)   205 :  0.008 0.390 0.581 0.021 
 51    1715C    (0)   205 :  0.007 0.804 0.163 0.026 
 52    1715D    (0)   205 :  0.008 0.160 0.818 0.013 
 53    1715E    (0)   205 :  0.011 0.603 0.365 0.020 
 54    1726A    (0)   205 :  0.014 0.370 0.589 0.027 
 55    1726B    (0)   205 :  0.105 0.086 0.067 0.742 
 56    1783A    (0)   205 :  0.972 0.008 0.008 0.011 
 57    1783B    (0)   205 :  0.011 0.115 0.817 0.058 
 58    1783C    (0)   205 :  0.010 0.319 0.636 0.035 
 59    1783D    (0)   205 :  0.011 0.268 0.708 0.013 
 60    1783E    (0)   205 :  0.007 0.660 0.321 0.011 
 61    2008C    (0)   62 :  0.006 0.195 0.781 0.018 
 62    2008D    (0)   62 :  0.008 0.293 0.673 0.026 
 63    2008E    (0)   62 :  0.057 0.271 0.637 0.034 
 64    2008F    (0)   62 :  0.590 0.022 0.023 0.365 
 65    2008G    (0)   62 :  0.038 0.162 0.353 0.447 
 66    2008H    (0)   62 :  0.008 0.662 0.299 0.031 
 67    2033A    (0)   328 :  0.152 0.748 0.089 0.011 
 68    2159A    (0)   328 :  0.008 0.215 0.701 0.077 
 69    2159B    (0)   328 :  0.007 0.242 0.735 0.017 
 70    2159C    (0)   328 :  0.010 0.228 0.732 0.030 
 71    2159E    (0)   328 :  0.006 0.112 0.866 0.015 
 72    2341B    (0)   62 :  0.013 0.169 0.222 0.596 
 73    2341C    (0)   62 :  0.010 0.627 0.346 0.018 
 74    2351A    (0)   62 :  0.006 0.575 0.334 0.084 
 75    2366A    (0)   122 :  0.907 0.042 0.035 0.015 
 76    2366B    (0)   122 :  0.967 0.010 0.011 0.012 
 77    2366C    (0)   122 :  0.008 0.717 0.262 0.013 
 78    2366D    (0)   122 :  0.007 0.769 0.205 0.019 
 79    2409A    (0)   122 :  0.030 0.077 0.129 0.764 
 80    2423C    (0)   205 :  0.015 0.151 0.811 0.023 
 81    2423D    (0)   205 :  0.013 0.103 0.622 0.262 
 82    2423E    (0)   205 :  0.119 0.125 0.037 0.719 
 83    2856A    (0)   22 :  0.320 0.301 0.254 0.124 
 84    2856B    (0)   22 :  0.025 0.689 0.255 0.032 
 85    2856C    (0)   22 :  0.030 0.303 0.468 0.198 
 86    2856E    (0)   22 :  0.015 0.037 0.050 0.897 
 87    3026A    (0)   17 :  0.009 0.665 0.278 0.048 
 88    3026B    (0)   17 :  0.009 0.174 0.105 0.712 
 89    3253A    (0)   205 :  0.010 0.114 0.863 0.013 
 90    3280A    (0)   328 :  0.008 0.316 0.603 0.072 
 91    3280B    (0)   328 :  0.007 0.442 0.511 0.040 
 92    3760C    (0)   122 :  0.251 0.734 0.007 0.008 
 93    4249A    (0)   193 :  0.008 0.686 0.283 0.023 
 94    4316A    (0)   17 :  0.006 0.303 0.189 0.502 
 95    4316B    (0)   17 :  0.008 0.384 0.587 0.021 
 96    4316C    (0)   17 :  0.164 0.499 0.046 0.291 
 97    4316D    (0)   17 :  0.008 0.028 0.090 0.874 
 98    4316E    (0)   17 :  0.007 0.103 0.033 0.857 
 99    5597A    (0)   22 :  0.042 0.036 0.026 0.896 
100    5597B    (0)   22 :  0.008 0.370 0.580 0.042 
101    5597C    (0)   22 :  0.007 0.489 0.472 0.032 
102    5597D    (0)   22 :  0.569 0.114 0.131 0.185 
103    5637A    (0)   205 :  0.013 0.457 0.386 0.144 
104    5637C    (0)   205 :  0.150 0.234 0.575 0.040 
105    5637D    (0)   205 :  0.481 0.034 0.031 0.453 
106    5637E    (0)   205 :  0.521 0.020 0.016 0.443 
107    5912A    (0)   286 :  0.010 0.414 0.552 0.023 
108    5912B    (0)   286 :  0.008 0.147 0.832 0.013 
109    5912C    (0)   286 :  0.436 0.211 0.345 0.009 
110    5912D    (0)   286 :  0.866 0.048 0.056 0.030 
111    5954B    (0)   286 :  0.970 0.013 0.010 0.007 
112    5954C    (0)   286 :  0.944 0.012 0.014 0.030 
113    5954D    (0)   286 :  0.888 0.017 0.016 0.079 
114    5954E    (0)   286 :  0.973 0.013 0.007 0.007 
115    6136A    (0)   29 :  0.010 0.425 0.521 0.044 
116    6136B    (0)   29 :  0.009 0.513 0.027 0.452 
117    6136C    (0)   29 :  0.233 0.553 0.183 0.031 
118    6337A    (0)   328 :  0.050 0.187 0.589 0.174 
119    6337B    (0)   328 :  0.006 0.161 0.820 0.013 
120    6337C    (0)   328 :  0.008 0.270 0.696 0.026 
121    6337D    (0)   328 :  0.104 0.199 0.125 0.571 
122    6337E    (0)   328 :  0.023 0.285 0.108 0.585 
123    6382C    (0)   122 :  0.008 0.133 0.840 0.019 
124    6382E    (0)   122 :  0.010 0.486 0.491 0.013 
125    6382F    (0)   122 :  0.777 0.132 0.049 0.042 
126    6382G    (0)   122 :  0.022 0.242 0.073 0.663 
127    6514C    (0)   62 :  0.032 0.291 0.646 0.030 
128    6514E    (0)   62 :  0.022 0.120 0.838 0.021 
129    6514F    (0)   62 :  0.009 0.457 0.510 0.025 
130    6514G    (0)   62 :  0.603 0.178 0.207 0.012 
131    6514H    (0)   62 :  0.060 0.148 0.045 0.747 
132    6546B    (0)   328 :  0.346 0.436 0.173 0.045 
133    6546C    (0)   328 :  0.298 0.071 0.068 0.563 
134    6706A    (0)   193 :  0.513 0.112 0.287 0.089 
135    6706B    (0)   193 :  0.652 0.123 0.157 0.069 
136    6723B    (0)   22 :  0.975 0.009 0.008 0.008 


Estimated Allele Frequencies in each cluster
First column gives estimated ancestral frequencies


Locus 1 : 
9 alleles
0.0% missing data
 148   (0.616) 0.582 0.681 0.712 0.786 
 146   (0.141) 0.074 0.135 0.167 0.113 
 147   (0.099) 0.082 0.090 0.090 0.046 
   0   (0.026) 0.204 0.011 0.004 0.013 
 142   (0.030) 0.002 0.029 0.008 0.011 
 137   (0.019) 0.001 0.010 0.008 0.003 
 161   (0.031) 0.009 0.030 0.005 0.013 
 172   (0.018) 0.001 0.008 0.003 0.014 
 151   (0.019) 0.045 0.007 0.003 0.002 

Locus 2 : 
17 alleles
0.0% missing data
 197   (0.249) 0.115 0.276 0.374 0.365 
 205   (0.098) 0.113 0.098 0.138 0.037 
 199   (0.072) 0.128 0.057 0.059 0.074 
 201   (0.154) 0.150 0.223 0.104 0.193 
 203   (0.064) 0.012 0.077 0.033 0.112 
 213   (0.043) 0.004 0.040 0.058 0.007 
 227   (0.032) 0.007 0.020 0.013 0.078 
 221   (0.029) 0.003 0.019 0.034 0.009 
 211   (0.060) 0.005 0.051 0.059 0.080 
 215   (0.024) 0.002 0.018 0.029 0.003 
   0   (0.018) 0.356 0.007 0.003 0.004 
 217   (0.035) 0.003 0.020 0.044 0.012 
 191   (0.034) 0.014 0.033 0.019 0.012 
 193   (0.037) 0.084 0.025 0.023 0.005 
 219   (0.017) 0.001 0.011 0.006 0.002 
 241   (0.019) 0.003 0.015 0.003 0.002 
 207   (0.016) 0.002 0.012 0.003 0.005 

Locus 3 : 
10 alleles
0.0% missing data
 201   (0.244) 0.030 0.258 0.342 0.246 
 207   (0.304) 0.109 0.338 0.344 0.295 
 204   (0.216) 0.026 0.258 0.176 0.276 
   0   (0.027) 0.748 0.012 0.004 0.008 
 210   (0.099) 0.018 0.080 0.099 0.109 
 219   (0.022) 0.015 0.009 0.004 0.022 
 198   (0.025) 0.002 0.018 0.012 0.003 
 213   (0.022) 0.004 0.008 0.003 0.032 
 216   (0.022) 0.045 0.008 0.003 0.003 
 189   (0.020) 0.002 0.011 0.013 0.007 

Locus 4 : 
13 alleles
0.0% missing data
 138   (0.113) 0.012 0.118 0.121 0.162 
 140   (0.177) 0.025 0.226 0.199 0.197 
 132   (0.134) 0.240 0.122 0.185 0.074 
 154   (0.017) 0.001 0.009 0.008 0.002 
 142   (0.123) 0.071 0.120 0.134 0.164 
 134   (0.045) 0.158 0.025 0.036 0.017 
 128   (0.039) 0.043 0.029 0.012 0.060 
   0   (0.079) 0.411 0.074 0.025 0.185 
 136   (0.106) 0.016 0.118 0.130 0.081 
 144   (0.065) 0.006 0.066 0.050 0.040 
 146   (0.025) 0.002 0.017 0.020 0.004 
 152   (0.028) 0.005 0.016 0.031 0.004 
 130   (0.049) 0.011 0.058 0.049 0.010 

Locus 5 : 
10 alleles
0.0% missing data
 257   (0.342) 0.229 0.362 0.536 0.165 
 271   (0.054) 0.012 0.051 0.051 0.008 
 259   (0.319) 0.116 0.350 0.315 0.349 
   0   (0.062) 0.615 0.039 0.014 0.219 
 261   (0.061) 0.008 0.048 0.022 0.185 
 263   (0.020) 0.002 0.008 0.003 0.033 
 269   (0.033) 0.008 0.024 0.023 0.004 
 273   (0.069) 0.007 0.094 0.025 0.031 
 265   (0.020) 0.001 0.015 0.004 0.002 
 267   (0.020) 0.001 0.010 0.008 0.003 

Locus 6 : 
16 alleles
0.0% missing data
 147   (0.167) 0.250 0.218 0.165 0.203 
 141   (0.098) 0.045 0.091 0.145 0.205 
 149   (0.089) 0.102 0.068 0.122 0.112 
 159   (0.058) 0.005 0.051 0.051 0.134 
 137   (0.082) 0.022 0.084 0.114 0.083 
 139   (0.036) 0.003 0.043 0.025 0.008 
 161   (0.062) 0.040 0.048 0.052 0.090 
 151   (0.064) 0.078 0.065 0.098 0.018 
 153   (0.079) 0.083 0.091 0.064 0.034 
 165   (0.056) 0.021 0.052 0.035 0.045 
 145   (0.063) 0.036 0.073 0.060 0.020 
 135   (0.015) 0.016 0.006 0.002 0.005 
 157   (0.042) 0.003 0.041 0.028 0.028 
   0   (0.029) 0.194 0.024 0.005 0.004 
 143   (0.037) 0.100 0.020 0.029 0.006 
 155   (0.022) 0.003 0.023 0.005 0.003 

Locus 7 : 
5 alleles
0.0% missing data
 138   (0.705) 0.744 0.727 0.806 0.813 
 144   (0.086) 0.042 0.066 0.055 0.078 
 132   (0.151) 0.181 0.136 0.128 0.101 
   0   (0.038) 0.010 0.063 0.007 0.005 
 135   (0.020) 0.022 0.008 0.003 0.002 

Locus 8 : 
13 alleles
0.0% missing data
 276   (0.061) 0.005 0.072 0.050 0.018 
 286   (0.120) 0.009 0.139 0.150 0.055 
 278   (0.199) 0.035 0.228 0.246 0.177 
 270   (0.034) 0.002 0.020 0.009 0.046 
 280   (0.181) 0.032 0.187 0.253 0.241 
 266   (0.036) 0.002 0.026 0.053 0.018 
   0   (0.074) 0.876 0.071 0.022 0.123 
 282   (0.135) 0.018 0.147 0.140 0.138 
 274   (0.029) 0.002 0.017 0.017 0.015 
 290   (0.027) 0.003 0.011 0.009 0.090 
 284   (0.039) 0.011 0.033 0.023 0.011 
 288   (0.042) 0.003 0.030 0.020 0.065 
 272   (0.022) 0.001 0.021 0.008 0.003 

Locus 9 : 
16 alleles
0.0% missing data
 146   (0.357) 0.432 0.426 0.503 0.476 
 178   (0.031) 0.002 0.050 0.011 0.004 
 170   (0.055) 0.026 0.050 0.027 0.057 
 166   (0.069) 0.018 0.061 0.090 0.023 
 172   (0.052) 0.004 0.037 0.054 0.079 
 168   (0.069) 0.014 0.057 0.072 0.159 
 162   (0.022) 0.002 0.024 0.004 0.003 
 148   (0.064) 0.252 0.058 0.056 0.025 
 160   (0.070) 0.011 0.066 0.101 0.043 
 174   (0.036) 0.002 0.040 0.019 0.012 
 158   (0.037) 0.004 0.031 0.012 0.054 
   0   (0.034) 0.160 0.017 0.006 0.034 
 154   (0.043) 0.063 0.029 0.028 0.024 
 164   (0.017) 0.001 0.014 0.004 0.002 
 180   (0.019) 0.002 0.015 0.003 0.002 
 142   (0.026) 0.007 0.025 0.012 0.004 

Locus 10 : 
8 alleles
0.0% missing data
 158   (0.730) 0.635 0.779 0.868 0.800 
 160   (0.117) 0.012 0.114 0.106 0.126 
 154   (0.029) 0.002 0.018 0.006 0.034 
 156   (0.020) 0.064 0.008 0.003 0.002 
 152   (0.034) 0.004 0.042 0.005 0.013 
   0   (0.029) 0.279 0.018 0.005 0.004 
 144   (0.021) 0.002 0.011 0.004 0.010 
 162   (0.020) 0.001 0.011 0.003 0.010 

Locus 11 : 
15 alleles
0.0% missing data
 214   (0.139) 0.051 0.172 0.111 0.055 
 220   (0.125) 0.007 0.153 0.159 0.045 
 210   (0.071) 0.006 0.062 0.125 0.018 
 218   (0.227) 0.014 0.264 0.375 0.176 
 192   (0.018) 0.001 0.008 0.003 0.016 
 194   (0.022) 0.001 0.009 0.004 0.016 
 212   (0.038) 0.006 0.026 0.024 0.023 
   0   (0.076) 0.880 0.050 0.018 0.491 
 222   (0.094) 0.009 0.091 0.084 0.081 
 224   (0.029) 0.006 0.016 0.010 0.014 
 216   (0.076) 0.012 0.085 0.069 0.019 
 200   (0.019) 0.002 0.016 0.003 0.002 
 204   (0.019) 0.002 0.016 0.003 0.002 
 188   (0.025) 0.001 0.024 0.004 0.038 
 208   (0.019) 0.001 0.009 0.010 0.003 

Locus 12 : 
18 alleles
0.0% missing data
 144   (0.040) 0.058 0.040 0.013 0.005 
 162   (0.044) 0.015 0.045 0.033 0.006 
 170   (0.037) 0.003 0.033 0.045 0.005 
   0   (0.054) 0.147 0.029 0.014 0.640 
 148   (0.084) 0.104 0.092 0.084 0.033 
 142   (0.083) 0.050 0.074 0.117 0.037 
 154   (0.042) 0.009 0.058 0.022 0.009 
 146   (0.284) 0.448 0.350 0.402 0.151 
 164   (0.048) 0.003 0.051 0.052 0.006 
 168   (0.027) 0.002 0.018 0.026 0.009 
 156   (0.059) 0.012 0.038 0.085 0.060 
 172   (0.039) 0.014 0.045 0.020 0.010 
 166   (0.054) 0.016 0.048 0.055 0.016 
 158   (0.028) 0.030 0.028 0.010 0.004 
 150   (0.017) 0.005 0.011 0.004 0.003 
 174   (0.018) 0.003 0.015 0.003 0.002 
 182   (0.018) 0.001 0.011 0.007 0.002 
 160   (0.024) 0.079 0.013 0.008 0.003 

Locus 13 : 
16 alleles
0.0% missing data
 285   (0.260) 0.080 0.339 0.287 0.112 
 291   (0.125) 0.014 0.125 0.144 0.052 
 289   (0.103) 0.008 0.112 0.271 0.015 
   0   (0.082) 0.770 0.046 0.018 0.702 
 277   (0.037) 0.004 0.035 0.028 0.005 
 273   (0.054) 0.005 0.047 0.088 0.013 
 293   (0.047) 0.004 0.058 0.015 0.042 
 287   (0.059) 0.023 0.049 0.042 0.010 
 295   (0.051) 0.003 0.060 0.038 0.007 
 301   (0.018) 0.002 0.012 0.005 0.003 
 303   (0.029) 0.008 0.024 0.012 0.006 
 279   (0.034) 0.003 0.018 0.017 0.017 
 181   (0.021) 0.001 0.011 0.007 0.005 
 283   (0.026) 0.071 0.017 0.004 0.003 
 281   (0.022) 0.001 0.012 0.008 0.003 
 297   (0.032) 0.004 0.034 0.017 0.004 

Values of parameters used in structure:
DATAFILE=bws18_structure.txt,	OUTFILE=bws18_structurek4_results,	NUMINDS=136,	NUMLOCI=13,	MISSING=-9,	LABEL=1,	POPDATA=1,	POPFLAG=0,	PHENOTYPE=0,	EXTRACOLS=0,	MAXPOPS=4,	BURNIN=10000,	NUMREPS=20000,	USEPOPINFO=0,	INFERALPHA=1,	INFERLAMBDA=0,	POPSPECIFICLAMBDA=0,	POPALPHAS=0,	COMPUTEPROB=1,	NOADMIX=0,	ADMBURNIN=500,	UPDATEFREQ=100,	PRINTLIKES=0,	INTERMEDSAVE=0,	PRINTKLD=0,	PRINTNET=1,	PRINTLAMBDA=1,	ANCESTDIST=0,	NUMBOXES=1000,	ANCESTPINT=0.90000,	GENSBACK=2,	MIGRPRIOR=0.01000,	PRINTQHAT=0,	PRINTQSUM=1,	ALPHA=1.0000,	FREQSCORR=1,	FPRIORMEAN=0.0100,	FPRIORSD=0.0500,	ONEFST=0,	LAMBDA=1.0000,	UNIFPRIORALPHA=1,	ALPHAMAX=10.0000,	ALPHAPRIORA=1.0000,	ALPHAPRIORB=2.0000,	ALPHAPROPSD=0.0250,	STARTATPOPINFO=0,	RANDOMIZE=1,	LINKAGE=0,	METROFREQ=10,	REPORTHITRATE=0,	MARKOVPHASE=0,	PHASED=0,	PLOIDY=2,	PHASEINFO=0	LOCPRIOR=0, 	LOCPRIORINIT=1.000000, 	LOCDATA=0, 	LOCISPOP=1, 	LOCPRIORSTEP=0.100000, 	MAXLOCPRIOR=20.000000, 	SEED=1682095909,	
[STRAT parameters]:    NUMSIMSTATS=1000,	PHENOTYPECOL=-9,	POOLFREQ=10,	LOCUSxONLY=0,	EMERROR=0.00100,	MISSINGPHENO=-9,	