

----------------------------------------------------
STRUCTURE by Pritchard, Stephens and Donnelly (2000)
     and Falush, Stephens and Pritchard (2003)
       Code by Pritchard, Falush and Hubisz
             Version 2.3.4 (Jul 2012)
----------------------------------------------------



Command line arguments:   ./structure -m mainparams_bws18_k8_2 
Input File:    bws18_structure.txt

Run parameters:
   136 individuals
   13 loci
   8 populations assumed
   10000 Burn-in period
   20000 Reps


--------------------------------------------
Proportion of membership of each pre-defined
 population in each of the 8 clusters

Given    Inferred Clusters                                          Number of
 Pop       1      2      3      4      5      6      7      8      Individuals

 17:     0.205  0.138  0.155  0.121  0.130  0.006  0.184  0.061       18
 22:     0.080  0.097  0.102  0.189  0.151  0.094  0.135  0.153       11
 29:     0.204  0.097  0.174  0.132  0.145  0.031  0.182  0.036       13
 62:     0.171  0.092  0.125  0.190  0.203  0.044  0.100  0.075       20
122:     0.134  0.177  0.062  0.144  0.207  0.144  0.062  0.071       14
193:     0.102  0.115  0.092  0.140  0.126  0.124  0.149  0.152       14
205:     0.186  0.097  0.070  0.226  0.187  0.026  0.044  0.163       19
286:     0.028  0.052  0.170  0.078  0.083  0.287  0.083  0.219       13
328:     0.146  0.143  0.252  0.132  0.172  0.040  0.043  0.072       14
--------------------------------------------

Allele-freq. divergence among pops (Net nucleotide distance),
computed using point estimates of P.

      1       2       3       4       5       6       7       8      
 1      -    0.0164  0.0222  0.0196  0.0201  0.1962  0.0815  0.1942  
 2   0.0164     -    0.0180  0.0056  0.0071  0.1605  0.0708  0.1734  
 3   0.0222  0.0180     -    0.0209  0.0226  0.2016  0.0944  0.2061  
 4   0.0196  0.0056  0.0209     -    0.0018  0.1881  0.0842  0.1965  
 5   0.0201  0.0071  0.0226  0.0018     -    0.1902  0.0905  0.2000  
 6   0.1962  0.1605  0.2016  0.1881  0.1902     -    0.1748  0.1315  
 7   0.0815  0.0708  0.0944  0.0842  0.0905  0.1748     -    0.1214  
 8   0.1942  0.1734  0.2061  0.1965  0.2000  0.1315  0.1214     -    

Average distances (expected heterozygosity) between individuals in same cluster:
cluster  1  : 0.6710 
cluster  2  : 0.7661 
cluster  3  : 0.6747 
cluster  4  : 0.6985 
cluster  5  : 0.6986 
cluster  6  : 0.5576 
cluster  7  : 0.6146 
cluster  8  : 0.4317 

--------------------------------------------
Estimated Ln Prob of Data   = -5895.3
Mean value of ln likelihood = -5321.7
Variance of ln likelihood   = 1147.3
Mean value of alpha         = 0.0607

Mean value of Fst_1         = 0.1076
Mean value of Fst_2         = 0.0021
Mean value of Fst_3         = 0.1006
Mean value of Fst_4         = 0.0827
Mean value of Fst_5         = 0.0810
Mean value of Fst_6         = 0.3755
Mean value of Fst_7         = 0.2068
Mean value of Fst_8         = 0.4310


Inferred ancestry of individuals:
        Label (%Miss) Pop:  Inferred clusters
  1    0079C    (0)   17 :  0.044 0.190 0.024 0.305 0.419 0.005 0.008 0.006 
  2    0079D    (0)   17 :  0.115 0.067 0.085 0.284 0.420 0.005 0.019 0.005 
  3    0079E    (0)   17 :  0.116 0.192 0.054 0.024 0.020 0.005 0.369 0.219 
  4    0079G    (0)   17 :  0.094 0.252 0.270 0.153 0.210 0.005 0.010 0.007 
  5    0082A    (0)   17 :  0.204 0.231 0.354 0.113 0.066 0.004 0.021 0.006 
  6    0082B    (0)   17 :  0.024 0.023 0.882 0.023 0.022 0.011 0.009 0.006 
  7    0082C    (0)   17 :  0.020 0.111 0.095 0.091 0.130 0.009 0.065 0.481 
  8    0082D    (0)   17 :  0.017 0.016 0.012 0.016 0.012 0.006 0.916 0.006 
  9    0121B    (0)   22 :  0.098 0.085 0.060 0.042 0.049 0.023 0.091 0.553 
 10    0121C    (0)   22 :  0.042 0.046 0.012 0.370 0.513 0.005 0.006 0.005 
 11    0147A    (0)   29 :  0.013 0.008 0.006 0.006 0.007 0.127 0.795 0.038 
 12    0147B    (0)   29 :  0.116 0.088 0.024 0.300 0.365 0.021 0.060 0.026 
 13    0147D    (0)   29 :  0.028 0.015 0.016 0.012 0.010 0.017 0.661 0.242 
 14    0167A    (0)   17 :  0.114 0.157 0.094 0.337 0.275 0.005 0.012 0.005 
 15    0167B    (0)   17 :  0.810 0.047 0.040 0.032 0.022 0.004 0.038 0.007 
 16    0167C    (0)   17 :  0.083 0.179 0.518 0.102 0.094 0.004 0.013 0.006 
 17    0309A    (0)   62 :  0.047 0.039 0.426 0.295 0.157 0.005 0.026 0.005 
 18    0309C    (0)   62 :  0.025 0.064 0.061 0.257 0.572 0.005 0.012 0.005 
 19    0309D    (0)   62 :  0.015 0.024 0.054 0.032 0.018 0.257 0.508 0.092 
 20    0309E    (0)   62 :  0.013 0.016 0.023 0.051 0.032 0.007 0.849 0.008 
 21    0625A    (0)   122 :  0.731 0.051 0.051 0.043 0.035 0.007 0.062 0.020 
 22    0625B    (0)   122 :  0.600 0.066 0.079 0.105 0.117 0.004 0.023 0.005 
 23    0625C    (0)   122 :  0.037 0.122 0.027 0.287 0.511 0.005 0.007 0.005 
 24    0625D    (0)   122 :  0.027 0.019 0.015 0.292 0.630 0.004 0.008 0.005 
 25    1029C    (0)   193 :  0.014 0.031 0.021 0.083 0.044 0.023 0.732 0.053 
 26    1029D    (0)   193 :  0.033 0.017 0.014 0.021 0.021 0.012 0.630 0.253 
 27    1029G    (0)   193 :  0.026 0.027 0.036 0.010 0.011 0.029 0.013 0.848 
 28    1187B    (0)   29 :  0.043 0.104 0.476 0.120 0.232 0.008 0.012 0.005 
 29    1187C    (0)   29 :  0.128 0.125 0.064 0.284 0.216 0.004 0.173 0.005 
 30    1187D    (0)   29 :  0.068 0.058 0.053 0.092 0.160 0.005 0.543 0.022 
 31    1187E    (0)   29 :  0.073 0.046 0.774 0.049 0.042 0.005 0.005 0.006 
 32    1314A    (0)   193 :  0.052 0.062 0.179 0.117 0.086 0.005 0.009 0.490 
 33    1314B    (0)   193 :  0.112 0.521 0.053 0.171 0.076 0.015 0.012 0.040 
 34    1314C    (0)   193 :  0.593 0.058 0.082 0.142 0.104 0.004 0.013 0.005 
 35    1314D    (0)   193 :  0.079 0.052 0.180 0.345 0.325 0.005 0.009 0.006 
 36    1314E    (0)   193 :  0.103 0.102 0.344 0.149 0.097 0.023 0.018 0.165 
 37    1319A    (0)   62 :  0.241 0.081 0.477 0.085 0.086 0.004 0.017 0.008 
 38    1319B    (0)   62 :  0.649 0.029 0.055 0.112 0.052 0.004 0.057 0.042 
 39    1600A    (0)   29 :  0.821 0.028 0.065 0.035 0.029 0.007 0.010 0.005 
 40    1600B    (0)   29 :  0.278 0.173 0.068 0.264 0.197 0.005 0.009 0.006 
 41    1600C    (0)   29 :  0.015 0.068 0.131 0.366 0.322 0.006 0.019 0.073 
 42    1630A    (0)   193 :  0.017 0.180 0.063 0.319 0.263 0.022 0.086 0.051 
 43    1630B    (0)   193 :  0.032 0.074 0.115 0.142 0.284 0.199 0.137 0.017 
 44    1630C    (0)   193 :  0.016 0.012 0.011 0.014 0.013 0.568 0.346 0.021 
 45    1711A    (0)   286 :  0.021 0.022 0.830 0.015 0.016 0.015 0.025 0.057 
 46    1711B    (0)   286 :  0.019 0.018 0.902 0.019 0.026 0.004 0.007 0.005 
 47    1711C    (0)   286 :  0.008 0.006 0.005 0.008 0.009 0.006 0.007 0.951 
 48    1711D    (0)   286 :  0.054 0.283 0.061 0.189 0.054 0.324 0.027 0.009 
 49    1711E    (0)   286 :  0.006 0.009 0.009 0.013 0.007 0.073 0.870 0.013 
 50    1715B    (0)   205 :  0.022 0.067 0.050 0.532 0.306 0.004 0.012 0.007 
 51    1715C    (0)   205 :  0.026 0.309 0.124 0.292 0.222 0.004 0.015 0.008 
 52    1715D    (0)   205 :  0.743 0.045 0.062 0.080 0.053 0.004 0.007 0.007 
 53    1715E    (0)   205 :  0.124 0.150 0.021 0.479 0.197 0.006 0.011 0.012 
 54    1726A    (0)   205 :  0.022 0.089 0.075 0.467 0.317 0.006 0.011 0.013 
 55    1726B    (0)   205 :  0.118 0.077 0.097 0.071 0.052 0.025 0.200 0.360 
 56    1783A    (0)   205 :  0.005 0.007 0.006 0.006 0.007 0.278 0.006 0.685 
 57    1783B    (0)   205 :  0.036 0.067 0.415 0.180 0.240 0.009 0.047 0.005 
 58    1783C    (0)   205 :  0.072 0.097 0.080 0.411 0.311 0.005 0.015 0.009 
 59    1783D    (0)   205 :  0.011 0.040 0.024 0.528 0.378 0.005 0.008 0.007 
 60    1783E    (0)   205 :  0.035 0.234 0.030 0.250 0.436 0.004 0.006 0.006 
 61    2008C    (0)   62 :  0.044 0.147 0.082 0.406 0.298 0.004 0.016 0.004 
 62    2008D    (0)   62 :  0.395 0.154 0.023 0.166 0.239 0.004 0.013 0.006 
 63    2008E    (0)   62 :  0.051 0.100 0.183 0.352 0.239 0.019 0.031 0.026 
 64    2008F    (0)   62 :  0.051 0.016 0.035 0.019 0.023 0.019 0.031 0.805 
 65    2008G    (0)   62 :  0.450 0.090 0.060 0.112 0.100 0.022 0.153 0.013 
 66    2008H    (0)   62 :  0.092 0.100 0.143 0.269 0.373 0.004 0.011 0.009 
 67    2033A    (0)   328 :  0.014 0.450 0.038 0.232 0.093 0.158 0.007 0.009 
 68    2159A    (0)   328 :  0.106 0.078 0.162 0.206 0.405 0.004 0.033 0.006 
 69    2159B    (0)   328 :  0.045 0.105 0.070 0.224 0.541 0.004 0.007 0.006 
 70    2159C    (0)   328 :  0.516 0.131 0.048 0.118 0.161 0.008 0.013 0.004 
 71    2159E    (0)   328 :  0.033 0.049 0.269 0.286 0.347 0.004 0.009 0.004 
 72    2341B    (0)   62 :  0.630 0.022 0.150 0.054 0.034 0.006 0.093 0.011 
 73    2341C    (0)   62 :  0.040 0.272 0.017 0.368 0.280 0.005 0.011 0.007 
 74    2351A    (0)   62 :  0.268 0.210 0.182 0.117 0.186 0.004 0.029 0.004 
 75    2366A    (0)   122 :  0.010 0.023 0.051 0.025 0.022 0.561 0.010 0.298 
 76    2366B    (0)   122 :  0.006 0.007 0.007 0.008 0.007 0.508 0.007 0.449 
 77    2366C    (0)   122 :  0.037 0.293 0.015 0.387 0.247 0.006 0.008 0.006 
 78    2366D    (0)   122 :  0.035 0.401 0.065 0.180 0.303 0.004 0.006 0.005 
 79    2409A    (0)   122 :  0.170 0.053 0.325 0.036 0.026 0.031 0.277 0.082 
 80    2423C    (0)   205 :  0.432 0.064 0.062 0.171 0.240 0.014 0.009 0.007 
 81    2423D    (0)   205 :  0.782 0.029 0.039 0.034 0.029 0.007 0.071 0.009 
 82    2423E    (0)   205 :  0.108 0.148 0.022 0.039 0.043 0.015 0.233 0.393 
 83    2856A    (0)   22 :  0.010 0.095 0.196 0.159 0.167 0.068 0.078 0.227 
 84    2856B    (0)   22 :  0.016 0.230 0.023 0.426 0.250 0.007 0.023 0.026 
 85    2856C    (0)   22 :  0.066 0.101 0.631 0.052 0.047 0.009 0.055 0.039 
 86    2856E    (0)   22 :  0.464 0.019 0.033 0.018 0.024 0.007 0.329 0.107 
 87    3026A    (0)   17 :  0.043 0.429 0.031 0.271 0.202 0.004 0.012 0.007 
 88    3026B    (0)   17 :  0.505 0.046 0.045 0.035 0.037 0.004 0.316 0.012 
 89    3253A    (0)   205 :  0.038 0.059 0.040 0.412 0.423 0.010 0.014 0.004 
 90    3280A    (0)   328 :  0.237 0.127 0.282 0.238 0.085 0.005 0.021 0.005 
 91    3280B    (0)   328 :  0.588 0.126 0.042 0.069 0.159 0.005 0.006 0.005 
 92    3760C    (0)   122 :  0.007 0.807 0.004 0.005 0.004 0.147 0.004 0.021 
 93    4249A    (0)   193 :  0.086 0.245 0.075 0.318 0.255 0.004 0.009 0.008 
 94    4316A    (0)   17 :  0.147 0.120 0.047 0.121 0.174 0.003 0.381 0.006 
 95    4316B    (0)   17 :  0.405 0.168 0.094 0.136 0.178 0.004 0.010 0.005 
 96    4316C    (0)   17 :  0.390 0.182 0.020 0.079 0.020 0.014 0.018 0.277 
 97    4316D    (0)   17 :  0.037 0.017 0.105 0.026 0.018 0.004 0.785 0.008 
 98    4316E    (0)   17 :  0.530 0.057 0.025 0.032 0.020 0.005 0.311 0.020 
 99    5597A    (0)   22 :  0.042 0.048 0.010 0.025 0.031 0.015 0.787 0.041 
100    5597B    (0)   22 :  0.034 0.181 0.076 0.390 0.272 0.004 0.036 0.006 
101    5597C    (0)   22 :  0.052 0.203 0.039 0.446 0.232 0.005 0.019 0.004 
102    5597D    (0)   22 :  0.048 0.052 0.032 0.142 0.073 0.032 0.051 0.570 
103    5637A    (0)   205 :  0.822 0.048 0.046 0.028 0.028 0.004 0.011 0.014 
104    5637C    (0)   205 :  0.024 0.272 0.075 0.273 0.224 0.076 0.012 0.046 
105    5637D    (0)   205 :  0.067 0.034 0.039 0.019 0.022 0.008 0.041 0.770 
106    5637E    (0)   205 :  0.043 0.015 0.031 0.016 0.026 0.010 0.116 0.743 
107    5912A    (0)   286 :  0.130 0.200 0.173 0.137 0.335 0.007 0.012 0.005 
108    5912B    (0)   286 :  0.033 0.046 0.069 0.479 0.353 0.005 0.010 0.005 
109    5912C    (0)   286 :  0.055 0.034 0.128 0.106 0.221 0.445 0.005 0.005 
110    5912D    (0)   286 :  0.019 0.021 0.009 0.023 0.025 0.091 0.006 0.806 
111    5954B    (0)   286 :  0.005 0.011 0.006 0.006 0.007 0.954 0.004 0.007 
112    5954C    (0)   286 :  0.004 0.004 0.004 0.004 0.004 0.006 0.005 0.968 
113    5954D    (0)   286 :  0.007 0.008 0.005 0.010 0.009 0.860 0.095 0.006 
114    5954E    (0)   286 :  0.006 0.010 0.006 0.006 0.007 0.945 0.005 0.014 
115    6136A    (0)   29 :  0.217 0.088 0.556 0.050 0.059 0.005 0.010 0.015 
116    6136B    (0)   29 :  0.746 0.131 0.017 0.027 0.015 0.006 0.047 0.012 
117    6136C    (0)   29 :  0.103 0.333 0.008 0.108 0.226 0.185 0.024 0.013 
118    6337A    (0)   328 :  0.011 0.041 0.738 0.030 0.075 0.014 0.027 0.064 
119    6337B    (0)   328 :  0.040 0.026 0.787 0.050 0.076 0.004 0.012 0.005 
120    6337C    (0)   328 :  0.038 0.074 0.800 0.034 0.031 0.004 0.011 0.009 
121    6337D    (0)   328 :  0.019 0.199 0.030 0.104 0.161 0.007 0.073 0.407 
122    6337E    (0)   328 :  0.243 0.313 0.034 0.111 0.170 0.011 0.081 0.036 
123    6382C    (0)   122 :  0.033 0.157 0.174 0.266 0.344 0.004 0.016 0.005 
124    6382E    (0)   122 :  0.099 0.068 0.016 0.245 0.552 0.006 0.008 0.006 
125    6382F    (0)   122 :  0.055 0.058 0.008 0.039 0.051 0.714 0.034 0.041 
126    6382G    (0)   122 :  0.036 0.347 0.030 0.091 0.048 0.012 0.394 0.042 
127    6514C    (0)   62 :  0.044 0.116 0.331 0.267 0.189 0.026 0.020 0.005 
128    6514E    (0)   62 :  0.060 0.190 0.100 0.258 0.358 0.008 0.014 0.011 
129    6514F    (0)   62 :  0.075 0.028 0.034 0.303 0.541 0.004 0.009 0.007 
130    6514G    (0)   62 :  0.009 0.028 0.020 0.219 0.176 0.465 0.007 0.075 
131    6514H    (0)   62 :  0.230 0.105 0.038 0.059 0.099 0.008 0.096 0.364 
132    6546B    (0)   328 :  0.126 0.249 0.164 0.062 0.044 0.302 0.040 0.014 
133    6546C    (0)   328 :  0.030 0.037 0.067 0.082 0.055 0.027 0.267 0.434 
134    6706A    (0)   193 :  0.222 0.114 0.050 0.059 0.102 0.350 0.036 0.067 
135    6706B    (0)   193 :  0.039 0.113 0.062 0.077 0.077 0.480 0.040 0.111 
136    6723B    (0)   22 :  0.006 0.008 0.006 0.006 0.006 0.861 0.006 0.102 


Estimated Allele Frequencies in each cluster
First column gives estimated ancestral frequencies


Locus 1 : 
9 alleles
0.0% missing data
 148   (0.647) 0.745 0.648 0.652 0.757 0.715 0.463 0.867 0.671 
 146   (0.138) 0.068 0.137 0.275 0.120 0.141 0.022 0.053 0.202 
 147   (0.089) 0.142 0.088 0.040 0.077 0.101 0.014 0.019 0.116 
   0   (0.019) 0.004 0.018 0.004 0.004 0.005 0.402 0.028 0.001 
 142   (0.027) 0.006 0.028 0.009 0.018 0.014 0.002 0.009 0.001 
 137   (0.015) 0.009 0.015 0.004 0.006 0.008 0.001 0.002 0.001 
 161   (0.033) 0.009 0.035 0.008 0.009 0.009 0.006 0.010 0.006 
 172   (0.017) 0.014 0.016 0.004 0.005 0.004 0.001 0.009 0.001 
 151   (0.016) 0.003 0.015 0.004 0.004 0.004 0.087 0.002 0.001 

Locus 2 : 
17 alleles
0.0% missing data
 197   (0.249) 0.344 0.249 0.319 0.327 0.354 0.024 0.453 0.283 
 205   (0.112) 0.122 0.112 0.104 0.112 0.126 0.065 0.035 0.107 
 199   (0.074) 0.032 0.073 0.066 0.063 0.066 0.186 0.117 0.012 
 201   (0.150) 0.149 0.155 0.110 0.183 0.160 0.045 0.076 0.405 
 203   (0.063) 0.134 0.062 0.084 0.032 0.035 0.005 0.049 0.047 
 213   (0.043) 0.015 0.043 0.084 0.057 0.037 0.004 0.007 0.003 
 227   (0.037) 0.021 0.036 0.016 0.019 0.029 0.006 0.105 0.007 
 221   (0.032) 0.007 0.031 0.014 0.033 0.045 0.003 0.005 0.004 
 211   (0.062) 0.102 0.061 0.026 0.056 0.049 0.005 0.101 0.007 
 215   (0.022) 0.007 0.022 0.073 0.009 0.009 0.002 0.003 0.001 
   0   (0.016) 0.003 0.016 0.004 0.004 0.004 0.612 0.006 0.021 
 217   (0.034) 0.018 0.034 0.066 0.024 0.021 0.003 0.025 0.002 
 191   (0.032) 0.011 0.032 0.013 0.039 0.025 0.005 0.006 0.016 
 193   (0.032) 0.007 0.032 0.010 0.030 0.027 0.033 0.005 0.081 
 219   (0.015) 0.013 0.015 0.004 0.005 0.006 0.001 0.002 0.001 
 241   (0.013) 0.003 0.014 0.003 0.003 0.003 0.002 0.002 0.001 
 207   (0.013) 0.011 0.013 0.003 0.005 0.003 0.001 0.002 0.004 

Locus 3 : 
10 alleles
0.0% missing data
 201   (0.246) 0.223 0.246 0.207 0.357 0.375 0.026 0.340 0.035 
 207   (0.317) 0.390 0.318 0.202 0.364 0.381 0.052 0.174 0.313 
 204   (0.211) 0.247 0.214 0.399 0.166 0.116 0.028 0.262 0.049 
   0   (0.034) 0.006 0.033 0.008 0.008 0.008 0.770 0.005 0.560 
 210   (0.104) 0.116 0.104 0.116 0.075 0.085 0.014 0.109 0.034 
 219   (0.015) 0.003 0.015 0.006 0.005 0.004 0.015 0.041 0.005 
 198   (0.022) 0.005 0.021 0.014 0.011 0.017 0.002 0.003 0.001 
 213   (0.017) 0.003 0.016 0.004 0.004 0.004 0.004 0.061 0.001 
 216   (0.017) 0.003 0.016 0.004 0.004 0.004 0.087 0.002 0.001 
 189   (0.018) 0.003 0.017 0.041 0.005 0.007 0.002 0.003 0.001 

Locus 4 : 
13 alleles
0.0% missing data
 138   (0.128) 0.202 0.131 0.068 0.107 0.102 0.018 0.215 0.010 
 140   (0.183) 0.170 0.185 0.317 0.184 0.242 0.028 0.152 0.042 
 132   (0.152) 0.095 0.152 0.133 0.195 0.194 0.336 0.075 0.106 
 154   (0.016) 0.005 0.016 0.008 0.006 0.007 0.001 0.002 0.001 
 142   (0.128) 0.207 0.126 0.197 0.089 0.077 0.034 0.216 0.072 
 134   (0.040) 0.019 0.039 0.058 0.019 0.024 0.340 0.012 0.004 
 128   (0.033) 0.011 0.033 0.020 0.015 0.015 0.003 0.007 0.167 
   0   (0.066) 0.030 0.065 0.045 0.046 0.035 0.188 0.186 0.578 
 136   (0.103) 0.076 0.102 0.072 0.175 0.150 0.024 0.106 0.006 
 144   (0.050) 0.132 0.050 0.025 0.034 0.048 0.010 0.013 0.004 
 146   (0.025) 0.013 0.024 0.028 0.013 0.019 0.002 0.003 0.002 
 152   (0.028) 0.013 0.028 0.010 0.023 0.040 0.008 0.004 0.002 
 130   (0.048) 0.028 0.049 0.018 0.097 0.049 0.008 0.008 0.006 

Locus 5 : 
10 alleles
0.0% missing data
 257   (0.367) 0.535 0.363 0.477 0.425 0.486 0.387 0.109 0.062 
 271   (0.053) 0.020 0.053 0.050 0.058 0.047 0.021 0.008 0.003 
 259   (0.331) 0.271 0.336 0.326 0.399 0.344 0.144 0.401 0.071 
   0   (0.045) 0.012 0.043 0.036 0.014 0.013 0.402 0.099 0.855 
 261   (0.052) 0.091 0.051 0.024 0.021 0.022 0.007 0.290 0.002 
 263   (0.016) 0.003 0.015 0.004 0.004 0.004 0.002 0.061 0.001 
 269   (0.026) 0.012 0.025 0.030 0.016 0.026 0.020 0.003 0.001 
 273   (0.078) 0.048 0.083 0.028 0.052 0.045 0.014 0.024 0.004 
 265   (0.016) 0.004 0.016 0.005 0.007 0.009 0.001 0.002 0.001 
 267   (0.016) 0.004 0.016 0.021 0.004 0.004 0.001 0.002 0.001 

Locus 6 : 
16 alleles
0.0% missing data
 147   (0.152) 0.140 0.152 0.157 0.187 0.243 0.026 0.098 0.598 
 141   (0.119) 0.135 0.118 0.166 0.132 0.096 0.045 0.324 0.018 
 149   (0.095) 0.033 0.094 0.149 0.118 0.101 0.053 0.127 0.124 
 159   (0.062) 0.162 0.062 0.054 0.032 0.033 0.007 0.104 0.016 
 137   (0.069) 0.228 0.069 0.160 0.041 0.046 0.006 0.020 0.041 
 139   (0.039) 0.013 0.039 0.037 0.028 0.042 0.007 0.009 0.002 
 161   (0.058) 0.017 0.057 0.019 0.075 0.063 0.067 0.169 0.004 
 151   (0.069) 0.042 0.070 0.037 0.120 0.118 0.076 0.022 0.013 
 153   (0.085) 0.044 0.086 0.071 0.082 0.086 0.070 0.030 0.063 
 165   (0.055) 0.046 0.055 0.042 0.036 0.030 0.018 0.059 0.021 
 145   (0.066) 0.047 0.067 0.028 0.078 0.080 0.007 0.010 0.071 
 135   (0.015) 0.004 0.014 0.005 0.004 0.004 0.002 0.002 0.020 
 157   (0.035) 0.039 0.035 0.049 0.027 0.022 0.003 0.014 0.004 
   0   (0.023) 0.004 0.023 0.006 0.011 0.006 0.411 0.003 0.001 
 143   (0.035) 0.034 0.035 0.010 0.023 0.021 0.201 0.005 0.004 
 155   (0.023) 0.009 0.024 0.008 0.007 0.009 0.003 0.003 0.001 

Locus 7 : 
5 alleles
0.0% missing data
 138   (0.710) 0.807 0.707 0.865 0.761 0.769 0.709 0.758 0.844 
 144   (0.076) 0.104 0.075 0.025 0.048 0.041 0.071 0.114 0.009 
 132   (0.152) 0.074 0.151 0.093 0.160 0.171 0.163 0.120 0.141 
   0   (0.046) 0.012 0.052 0.013 0.027 0.015 0.019 0.006 0.003 
 135   (0.015) 0.003 0.015 0.004 0.004 0.004 0.038 0.002 0.003 

Locus 8 : 
13 alleles
0.0% missing data
 276   (0.057) 0.035 0.056 0.018 0.072 0.081 0.005 0.016 0.005 
 286   (0.121) 0.207 0.122 0.158 0.104 0.108 0.013 0.031 0.011 
 278   (0.198) 0.117 0.200 0.181 0.297 0.299 0.041 0.201 0.043 
 270   (0.028) 0.044 0.027 0.010 0.009 0.008 0.002 0.028 0.004 
 280   (0.196) 0.328 0.196 0.332 0.186 0.169 0.025 0.165 0.057 
 266   (0.034) 0.015 0.033 0.135 0.014 0.015 0.003 0.021 0.002 
   0   (0.085) 0.020 0.088 0.034 0.057 0.033 0.852 0.138 0.842 
 282   (0.134) 0.175 0.135 0.078 0.167 0.157 0.030 0.137 0.013 
 274   (0.024) 0.011 0.024 0.006 0.021 0.026 0.002 0.005 0.001 
 290   (0.022) 0.005 0.021 0.011 0.007 0.008 0.002 0.178 0.003 
 284   (0.035) 0.017 0.035 0.011 0.027 0.041 0.019 0.009 0.002 
 288   (0.043) 0.022 0.042 0.022 0.023 0.038 0.004 0.067 0.015 
 272   (0.022) 0.005 0.022 0.005 0.015 0.017 0.002 0.003 0.001 

Locus 9 : 
16 alleles
0.0% missing data
 146   (0.380) 0.525 0.381 0.520 0.458 0.449 0.386 0.436 0.534 
 178   (0.034) 0.010 0.036 0.016 0.027 0.026 0.004 0.005 0.002 
 170   (0.048) 0.058 0.048 0.014 0.037 0.052 0.044 0.045 0.004 
 166   (0.079) 0.069 0.080 0.064 0.083 0.065 0.010 0.019 0.025 
 172   (0.044) 0.015 0.044 0.022 0.064 0.052 0.004 0.143 0.003 
 168   (0.075) 0.124 0.073 0.084 0.067 0.061 0.008 0.164 0.035 
 162   (0.020) 0.007 0.020 0.012 0.011 0.007 0.003 0.003 0.001 
 148   (0.070) 0.078 0.069 0.052 0.058 0.045 0.138 0.017 0.283 
 160   (0.067) 0.047 0.066 0.095 0.083 0.134 0.010 0.027 0.010 
 174   (0.032) 0.018 0.032 0.011 0.032 0.038 0.003 0.010 0.002 
 158   (0.039) 0.015 0.039 0.013 0.030 0.028 0.003 0.049 0.015 
   0   (0.025) 0.005 0.024 0.007 0.008 0.008 0.338 0.057 0.001 
 154   (0.040) 0.010 0.039 0.053 0.023 0.018 0.032 0.017 0.082 
 164   (0.013) 0.003 0.014 0.005 0.008 0.007 0.001 0.002 0.001 
 180   (0.013) 0.003 0.014 0.003 0.003 0.003 0.002 0.002 0.001 
 142   (0.022) 0.014 0.022 0.028 0.008 0.007 0.013 0.005 0.001 

Locus 10 : 
8 alleles
0.0% missing data
 158   (0.736) 0.847 0.734 0.894 0.830 0.803 0.449 0.778 0.888 
 160   (0.127) 0.089 0.128 0.072 0.126 0.153 0.013 0.138 0.026 
 154   (0.027) 0.007 0.027 0.007 0.011 0.011 0.002 0.056 0.001 
 156   (0.017) 0.003 0.016 0.004 0.004 0.004 0.022 0.002 0.074 
 152   (0.035) 0.038 0.038 0.008 0.009 0.008 0.004 0.006 0.002 
   0   (0.024) 0.008 0.024 0.006 0.007 0.007 0.507 0.008 0.002 
 144   (0.017) 0.004 0.017 0.004 0.006 0.008 0.001 0.004 0.005 
 162   (0.017) 0.004 0.017 0.004 0.006 0.005 0.001 0.009 0.001 

Locus 11 : 
15 alleles
0.0% missing data
 214   (0.150) 0.120 0.153 0.067 0.166 0.144 0.084 0.040 0.015 
 220   (0.138) 0.120 0.137 0.155 0.147 0.187 0.009 0.041 0.009 
 210   (0.079) 0.034 0.077 0.085 0.120 0.144 0.009 0.016 0.004 
 218   (0.215) 0.427 0.215 0.467 0.273 0.234 0.015 0.110 0.015 
 192   (0.016) 0.006 0.016 0.005 0.004 0.004 0.001 0.011 0.002 
 194   (0.017) 0.006 0.017 0.005 0.005 0.004 0.001 0.011 0.002 
 212   (0.037) 0.019 0.037 0.018 0.026 0.038 0.002 0.009 0.014 
   0   (0.087) 0.022 0.086 0.056 0.035 0.031 0.838 0.695 0.908 
 222   (0.095) 0.145 0.095 0.064 0.100 0.075 0.007 0.027 0.015 
 224   (0.019) 0.008 0.019 0.018 0.008 0.008 0.001 0.006 0.007 
 216   (0.070) 0.034 0.071 0.037 0.090 0.102 0.025 0.018 0.004 
 200   (0.015) 0.003 0.016 0.003 0.003 0.004 0.001 0.002 0.001 
 204   (0.018) 0.003 0.019 0.004 0.004 0.004 0.002 0.002 0.001 
 188   (0.028) 0.051 0.029 0.008 0.011 0.012 0.002 0.008 0.002 
 208   (0.016) 0.003 0.015 0.007 0.008 0.009 0.001 0.002 0.001 

Locus 12 : 
18 alleles
0.0% missing data
 144   (0.037) 0.010 0.037 0.017 0.033 0.026 0.088 0.005 0.006 
 162   (0.041) 0.017 0.041 0.021 0.037 0.054 0.024 0.006 0.003 
 170   (0.038) 0.013 0.038 0.043 0.050 0.040 0.004 0.005 0.002 
   0   (0.049) 0.174 0.048 0.013 0.015 0.013 0.007 0.729 0.544 
 148   (0.079) 0.073 0.079 0.076 0.089 0.066 0.008 0.013 0.218 
 142   (0.069) 0.038 0.068 0.228 0.074 0.075 0.057 0.016 0.013 
 154   (0.041) 0.019 0.041 0.038 0.040 0.040 0.005 0.007 0.005 
 146   (0.320) 0.465 0.322 0.291 0.398 0.433 0.541 0.066 0.185 
 164   (0.047) 0.012 0.046 0.036 0.064 0.065 0.004 0.006 0.002 
 168   (0.027) 0.031 0.027 0.011 0.020 0.016 0.002 0.007 0.001 
 156   (0.059) 0.017 0.058 0.102 0.066 0.075 0.010 0.106 0.004 
 172   (0.045) 0.039 0.045 0.017 0.036 0.025 0.021 0.008 0.003 
 166   (0.058) 0.045 0.057 0.077 0.044 0.041 0.013 0.014 0.008 
 158   (0.026) 0.026 0.027 0.007 0.009 0.010 0.058 0.004 0.001 
 150   (0.015) 0.004 0.015 0.005 0.008 0.004 0.007 0.002 0.001 
 174   (0.015) 0.003 0.016 0.004 0.004 0.003 0.002 0.002 0.001 
 182   (0.014) 0.010 0.014 0.005 0.005 0.006 0.001 0.002 0.001 
 160   (0.020) 0.004 0.020 0.010 0.010 0.008 0.148 0.002 0.001 

Locus 13 : 
16 alleles
0.0% missing data
 285   (0.292) 0.192 0.294 0.288 0.359 0.345 0.126 0.146 0.020 
 291   (0.112) 0.043 0.113 0.066 0.190 0.163 0.016 0.089 0.008 
 289   (0.144) 0.293 0.143 0.148 0.157 0.217 0.019 0.019 0.007 
   0   (0.108) 0.191 0.107 0.041 0.047 0.043 0.657 0.677 0.936 
 277   (0.035) 0.010 0.035 0.026 0.035 0.030 0.003 0.005 0.002 
 273   (0.034) 0.008 0.033 0.286 0.012 0.013 0.003 0.005 0.002 
 293   (0.028) 0.152 0.028 0.008 0.010 0.008 0.002 0.004 0.002 
 287   (0.051) 0.027 0.050 0.058 0.037 0.046 0.020 0.007 0.013 
 295   (0.041) 0.010 0.042 0.013 0.071 0.052 0.003 0.006 0.002 
 301   (0.015) 0.003 0.015 0.004 0.010 0.008 0.002 0.003 0.001 
 303   (0.023) 0.012 0.023 0.015 0.022 0.008 0.011 0.004 0.001 
 279   (0.026) 0.030 0.025 0.008 0.011 0.012 0.003 0.021 0.002 
 181   (0.019) 0.005 0.018 0.018 0.005 0.005 0.002 0.003 0.001 
 283   (0.027) 0.005 0.028 0.006 0.006 0.006 0.125 0.003 0.001 
 281   (0.016) 0.004 0.016 0.005 0.011 0.008 0.001 0.003 0.001 
 297   (0.030) 0.014 0.030 0.010 0.018 0.036 0.006 0.004 0.001 

Values of parameters used in structure:
DATAFILE=bws18_structure.txt,	OUTFILE=bws18_structurek8_2_results,	NUMINDS=136,	NUMLOCI=13,	MISSING=-9,	LABEL=1,	POPDATA=1,	POPFLAG=0,	PHENOTYPE=0,	EXTRACOLS=0,	MAXPOPS=8,	BURNIN=10000,	NUMREPS=20000,	USEPOPINFO=0,	INFERALPHA=1,	INFERLAMBDA=0,	POPSPECIFICLAMBDA=0,	POPALPHAS=0,	COMPUTEPROB=1,	NOADMIX=0,	ADMBURNIN=500,	UPDATEFREQ=100,	PRINTLIKES=0,	INTERMEDSAVE=0,	PRINTKLD=0,	PRINTNET=1,	PRINTLAMBDA=1,	ANCESTDIST=0,	NUMBOXES=1000,	ANCESTPINT=0.90000,	GENSBACK=2,	MIGRPRIOR=0.01000,	PRINTQHAT=0,	PRINTQSUM=1,	ALPHA=1.0000,	FREQSCORR=1,	FPRIORMEAN=0.0100,	FPRIORSD=0.0500,	ONEFST=0,	LAMBDA=1.0000,	UNIFPRIORALPHA=1,	ALPHAMAX=10.0000,	ALPHAPRIORA=1.0000,	ALPHAPRIORB=2.0000,	ALPHAPROPSD=0.0250,	STARTATPOPINFO=0,	RANDOMIZE=1,	LINKAGE=0,	METROFREQ=10,	REPORTHITRATE=0,	MARKOVPHASE=0,	PHASED=0,	PLOIDY=2,	PHASEINFO=0	LOCPRIOR=0, 	LOCPRIORINIT=1.000000, 	LOCDATA=0, 	LOCISPOP=1, 	LOCPRIORSTEP=0.100000, 	MAXLOCPRIOR=20.000000, 	SEED=1682096047,	
[STRAT parameters]:    NUMSIMSTATS=1000,	PHENOTYPECOL=-9,	POOLFREQ=10,	LOCUSxONLY=0,	EMERROR=0.00100,	MISSINGPHENO=-9,	