

----------------------------------------------------
STRUCTURE by Pritchard, Stephens and Donnelly (2000)
     and Falush, Stephens and Pritchard (2003)
       Code by Pritchard, Falush and Hubisz
             Version 2.3.4 (Jul 2012)
----------------------------------------------------



Command line arguments:   ./structure -m mainparams_bws18_k3_2 
Input File:    bws18_structure.txt

Run parameters:
   136 individuals
   13 loci
   3 populations assumed
   10000 Burn-in period
   20000 Reps


--------------------------------------------
Proportion of membership of each pre-defined
 population in each of the 3 clusters

Given    Inferred Clusters       Number of
 Pop       1      2      3      Individuals

 17:     0.033  0.433  0.534       18
 22:     0.244  0.279  0.477       11
 29:     0.064  0.333  0.603       13
 62:     0.109  0.228  0.663       20
122:     0.252  0.217  0.531       14
193:     0.309  0.209  0.482       14
205:     0.148  0.170  0.682       19
286:     0.540  0.102  0.358       13
328:     0.084  0.252  0.664       14
--------------------------------------------

Allele-freq. divergence among pops (Net nucleotide distance),
computed using point estimates of P.

      1       2       3      
 1      -    0.0866  0.1472  
 2   0.0866     -    0.0477  
 3   0.1472  0.0477     -    

Average distances (expected heterozygosity) between individuals in same cluster:
cluster  1  : 0.6086 
cluster  2  : 0.6972 
cluster  3  : 0.6897 

--------------------------------------------
Estimated Ln Prob of Data   = -5904.8
Mean value of ln likelihood = -5676.3
Variance of ln likelihood   = 457.1
Mean value of alpha         = 0.0873

Mean value of Fst_1         = 0.1931
Mean value of Fst_2         = 0.0804
Mean value of Fst_3         = 0.0637


Inferred ancestry of individuals:
        Label (%Miss) Pop:  Inferred clusters
  1    0079C    (0)   17 :  0.009 0.013 0.978 
  2    0079D    (0)   17 :  0.007 0.021 0.971 
  3    0079E    (0)   17 :  0.016 0.961 0.023 
  4    0079G    (0)   17 :  0.009 0.028 0.963 
  5    0082A    (0)   17 :  0.008 0.069 0.923 
  6    0082B    (0)   17 :  0.012 0.026 0.962 
  7    0082C    (0)   17 :  0.348 0.503 0.149 
  8    0082D    (0)   17 :  0.010 0.975 0.015 
  9    0121B    (0)   22 :  0.534 0.423 0.043 
 10    0121C    (0)   22 :  0.008 0.014 0.977 
 11    0147A    (0)   29 :  0.247 0.743 0.010 
 12    0147B    (0)   29 :  0.046 0.335 0.619 
 13    0147D    (0)   29 :  0.119 0.865 0.015 
 14    0167A    (0)   17 :  0.008 0.013 0.980 
 15    0167B    (0)   17 :  0.007 0.893 0.099 
 16    0167C    (0)   17 :  0.008 0.027 0.964 
 17    0309A    (0)   62 :  0.007 0.029 0.964 
 18    0309C    (0)   62 :  0.008 0.014 0.978 
 19    0309D    (0)   62 :  0.497 0.458 0.046 
 20    0309E    (0)   62 :  0.013 0.946 0.040 
 21    0625A    (0)   122 :  0.023 0.556 0.421 
 22    0625B    (0)   122 :  0.007 0.150 0.843 
 23    0625C    (0)   122 :  0.008 0.016 0.977 
 24    0625D    (0)   122 :  0.007 0.010 0.983 
 25    1029C    (0)   193 :  0.184 0.620 0.196 
 26    1029D    (0)   193 :  0.192 0.784 0.024 
 27    1029G    (0)   193 :  0.894 0.088 0.018 
 28    1187B    (0)   29 :  0.009 0.015 0.976 
 29    1187C    (0)   29 :  0.006 0.115 0.878 
 30    1187D    (0)   29 :  0.013 0.799 0.188 
 31    1187E    (0)   29 :  0.007 0.016 0.977 
 32    1314A    (0)   193 :  0.213 0.264 0.524 
 33    1314B    (0)   193 :  0.220 0.071 0.709 
 34    1314C    (0)   193 :  0.007 0.037 0.956 
 35    1314D    (0)   193 :  0.007 0.012 0.982 
 36    1314E    (0)   193 :  0.166 0.062 0.772 
 37    1319A    (0)   62 :  0.008 0.029 0.963 
 38    1319B    (0)   62 :  0.021 0.191 0.787 
 39    1600A    (0)   29 :  0.014 0.055 0.931 
 40    1600B    (0)   29 :  0.007 0.015 0.978 
 41    1600C    (0)   29 :  0.041 0.061 0.898 
 42    1630A    (0)   193 :  0.087 0.198 0.715 
 43    1630B    (0)   193 :  0.277 0.305 0.417 
 44    1630C    (0)   193 :  0.857 0.110 0.033 
 45    1711A    (0)   286 :  0.061 0.129 0.809 
 46    1711B    (0)   286 :  0.007 0.019 0.974 
 47    1711C    (0)   286 :  0.851 0.130 0.019 
 48    1711D    (0)   286 :  0.505 0.209 0.286 
 49    1711E    (0)   286 :  0.320 0.660 0.020 
 50    1715B    (0)   205 :  0.009 0.019 0.972 
 51    1715C    (0)   205 :  0.008 0.092 0.899 
 52    1715D    (0)   205 :  0.008 0.018 0.974 
 53    1715E    (0)   205 :  0.013 0.027 0.960 
 54    1726A    (0)   205 :  0.012 0.025 0.962 
 55    1726B    (0)   205 :  0.167 0.711 0.122 
 56    1783A    (0)   205 :  0.979 0.013 0.008 
 57    1783B    (0)   205 :  0.013 0.046 0.942 
 58    1783C    (0)   205 :  0.010 0.025 0.965 
 59    1783D    (0)   205 :  0.010 0.012 0.977 
 60    1783E    (0)   205 :  0.007 0.013 0.980 
 61    2008C    (0)   62 :  0.006 0.014 0.980 
 62    2008D    (0)   62 :  0.009 0.030 0.961 
 63    2008E    (0)   62 :  0.082 0.021 0.897 
 64    2008F    (0)   62 :  0.687 0.289 0.024 
 65    2008G    (0)   62 :  0.041 0.553 0.406 
 66    2008H    (0)   62 :  0.008 0.036 0.956 
 67    2033A    (0)   328 :  0.363 0.037 0.600 
 68    2159A    (0)   328 :  0.009 0.135 0.856 
 69    2159B    (0)   328 :  0.006 0.016 0.978 
 70    2159C    (0)   328 :  0.011 0.066 0.923 
 71    2159E    (0)   328 :  0.006 0.013 0.982 
 72    2341B    (0)   62 :  0.011 0.773 0.216 
 73    2341C    (0)   62 :  0.009 0.031 0.960 
 74    2351A    (0)   62 :  0.008 0.100 0.892 
 75    2366A    (0)   122 :  0.952 0.012 0.036 
 76    2366B    (0)   122 :  0.978 0.012 0.010 
 77    2366C    (0)   122 :  0.010 0.019 0.971 
 78    2366D    (0)   122 :  0.008 0.031 0.962 
 79    2409A    (0)   122 :  0.039 0.810 0.151 
 80    2423C    (0)   205 :  0.012 0.021 0.966 
 81    2423D    (0)   205 :  0.019 0.258 0.723 
 82    2423E    (0)   205 :  0.102 0.859 0.039 
 83    2856A    (0)   22 :  0.338 0.144 0.518 
 84    2856B    (0)   22 :  0.044 0.060 0.896 
 85    2856C    (0)   22 :  0.024 0.277 0.699 
 86    2856E    (0)   22 :  0.014 0.949 0.037 
 87    3026A    (0)   17 :  0.010 0.118 0.873 
 88    3026B    (0)   17 :  0.011 0.834 0.155 
 89    3253A    (0)   205 :  0.010 0.014 0.976 
 90    3280A    (0)   328 :  0.011 0.095 0.893 
 91    3280B    (0)   328 :  0.007 0.113 0.880 
 92    3760C    (0)   122 :  0.575 0.398 0.027 
 93    4249A    (0)   193 :  0.008 0.024 0.968 
 94    4316A    (0)   17 :  0.007 0.574 0.419 
 95    4316B    (0)   17 :  0.007 0.026 0.966 
 96    4316C    (0)   17 :  0.098 0.827 0.074 
 97    4316D    (0)   17 :  0.009 0.933 0.058 
 98    4316E    (0)   17 :  0.008 0.958 0.034 
 99    5597A    (0)   22 :  0.042 0.935 0.023 
100    5597B    (0)   22 :  0.010 0.061 0.929 
101    5597C    (0)   22 :  0.007 0.028 0.965 
102    5597D    (0)   22 :  0.675 0.172 0.154 
103    5637A    (0)   205 :  0.013 0.303 0.685 
104    5637C    (0)   205 :  0.183 0.066 0.751 
105    5637D    (0)   205 :  0.608 0.358 0.033 
106    5637E    (0)   205 :  0.637 0.341 0.022 
107    5912A    (0)   286 :  0.008 0.034 0.957 
108    5912B    (0)   286 :  0.008 0.012 0.980 
109    5912C    (0)   286 :  0.472 0.010 0.519 
110    5912D    (0)   286 :  0.913 0.035 0.051 
111    5954B    (0)   286 :  0.983 0.007 0.010 
112    5954C    (0)   286 :  0.961 0.027 0.012 
113    5954D    (0)   286 :  0.947 0.041 0.013 
114    5954E    (0)   286 :  0.985 0.007 0.008 
115    6136A    (0)   29 :  0.011 0.087 0.902 
116    6136B    (0)   29 :  0.013 0.957 0.030 
117    6136C    (0)   29 :  0.302 0.262 0.435 
118    6337A    (0)   328 :  0.040 0.406 0.554 
119    6337B    (0)   328 :  0.006 0.012 0.982 
120    6337C    (0)   328 :  0.009 0.042 0.950 
121    6337D    (0)   328 :  0.132 0.714 0.154 
122    6337E    (0)   328 :  0.016 0.919 0.065 
123    6382C    (0)   122 :  0.008 0.021 0.970 
124    6382E    (0)   122 :  0.012 0.023 0.965 
125    6382F    (0)   122 :  0.884 0.074 0.042 
126    6382G    (0)   122 :  0.019 0.909 0.072 
127    6514C    (0)   62 :  0.031 0.046 0.923 
128    6514E    (0)   62 :  0.020 0.022 0.959 
129    6514F    (0)   62 :  0.010 0.024 0.967 
130    6514G    (0)   62 :  0.670 0.018 0.312 
131    6514H    (0)   62 :  0.030 0.936 0.034 
132    6546B    (0)   328 :  0.315 0.281 0.405 
133    6546C    (0)   328 :  0.240 0.681 0.079 
134    6706A    (0)   193 :  0.492 0.269 0.238 
135    6706B    (0)   193 :  0.719 0.084 0.197 
136    6723B    (0)   22 :  0.985 0.008 0.007 


Estimated Allele Frequencies in each cluster
First column gives estimated ancestral frequencies


Locus 1 : 
9 alleles
0.0% missing data
 148   (0.566) 0.577 0.742 0.722 
 146   (0.143) 0.096 0.111 0.155 
 147   (0.106) 0.081 0.057 0.090 
   0   (0.035) 0.177 0.013 0.003 
 142   (0.043) 0.004 0.022 0.014 
 137   (0.024) 0.002 0.004 0.008 
 161   (0.032) 0.021 0.030 0.003 
 172   (0.024) 0.002 0.016 0.002 
 151   (0.027) 0.040 0.004 0.002 

Locus 2 : 
17 alleles
0.0% missing data
 197   (0.212) 0.134 0.336 0.350 
 205   (0.085) 0.108 0.042 0.127 
 199   (0.085) 0.109 0.077 0.058 
 201   (0.130) 0.171 0.186 0.152 
 203   (0.074) 0.022 0.108 0.049 
 213   (0.036) 0.005 0.008 0.054 
 227   (0.041) 0.013 0.071 0.011 
 221   (0.032) 0.005 0.014 0.028 
 211   (0.066) 0.007 0.081 0.054 
 215   (0.026) 0.002 0.004 0.026 
   0   (0.028) 0.304 0.006 0.003 
 217   (0.037) 0.004 0.013 0.035 
 191   (0.039) 0.021 0.015 0.023 
 193   (0.044) 0.080 0.009 0.021 
 219   (0.021) 0.002 0.005 0.007 
 241   (0.021) 0.011 0.009 0.002 
 207   (0.022) 0.003 0.014 0.002 

Locus 3 : 
10 alleles
0.0% missing data
 201   (0.224) 0.047 0.232 0.325 
 207   (0.297) 0.140 0.296 0.350 
 204   (0.189) 0.038 0.292 0.202 
   0   (0.038) 0.665 0.008 0.003 
 210   (0.107) 0.029 0.107 0.089 
 219   (0.030) 0.020 0.018 0.003 
 198   (0.030) 0.003 0.005 0.014 
 213   (0.030) 0.014 0.022 0.003 
 216   (0.027) 0.041 0.004 0.002 
 189   (0.028) 0.004 0.016 0.008 

Locus 4 : 
13 alleles
0.0% missing data
 138   (0.108) 0.031 0.171 0.112 
 140   (0.141) 0.034 0.188 0.226 
 132   (0.132) 0.218 0.089 0.162 
 154   (0.022) 0.002 0.004 0.008 
 142   (0.119) 0.099 0.134 0.133 
 134   (0.058) 0.138 0.020 0.030 
 128   (0.053) 0.059 0.047 0.016 
   0   (0.100) 0.358 0.180 0.034 
 136   (0.095) 0.023 0.083 0.130 
 144   (0.060) 0.008 0.058 0.051 
 146   (0.028) 0.003 0.005 0.020 
 152   (0.035) 0.008 0.009 0.023 
 130   (0.048) 0.019 0.013 0.056 

Locus 5 : 
10 alleles
0.0% missing data
 257   (0.289) 0.218 0.200 0.490 
 271   (0.052) 0.015 0.012 0.052 
 259   (0.279) 0.176 0.300 0.336 
   0   (0.095) 0.526 0.209 0.013 
 261   (0.085) 0.019 0.161 0.029 
 263   (0.030) 0.004 0.029 0.003 
 269   (0.039) 0.012 0.007 0.024 
 273   (0.076) 0.025 0.072 0.037 
 265   (0.027) 0.002 0.005 0.008 
 267   (0.027) 0.002 0.005 0.008 

Locus 6 : 
16 alleles
0.0% missing data
 147   (0.143) 0.224 0.207 0.192 
 141   (0.107) 0.074 0.166 0.130 
 149   (0.098) 0.094 0.108 0.103 
 159   (0.060) 0.006 0.121 0.053 
 137   (0.082) 0.027 0.099 0.101 
 139   (0.036) 0.004 0.013 0.034 
 161   (0.071) 0.046 0.075 0.052 
 151   (0.062) 0.075 0.022 0.090 
 153   (0.076) 0.079 0.052 0.071 
 165   (0.055) 0.018 0.059 0.035 
 145   (0.051) 0.050 0.015 0.069 
 135   (0.020) 0.017 0.004 0.002 
 157   (0.043) 0.005 0.030 0.034 
   0   (0.026) 0.182 0.006 0.003 
 143   (0.044) 0.087 0.010 0.023 
 155   (0.027) 0.011 0.013 0.007 

Locus 7 : 
5 alleles
0.0% missing data
 138   (0.676) 0.702 0.786 0.800 
 144   (0.098) 0.046 0.082 0.053 
 132   (0.157) 0.158 0.112 0.133 
   0   (0.043) 0.074 0.016 0.012 
 135   (0.027) 0.020 0.004 0.002 

Locus 8 : 
13 alleles
0.0% missing data
 276   (0.059) 0.007 0.035 0.058 
 286   (0.097) 0.010 0.073 0.153 
 278   (0.163) 0.039 0.175 0.253 
 270   (0.039) 0.003 0.050 0.008 
 280   (0.173) 0.040 0.254 0.229 
 266   (0.051) 0.004 0.023 0.045 
   0   (0.084) 0.828 0.080 0.024 
 282   (0.118) 0.028 0.136 0.147 
 274   (0.040) 0.003 0.024 0.013 
 290   (0.046) 0.014 0.067 0.009 
 284   (0.048) 0.017 0.016 0.026 
 288   (0.055) 0.005 0.062 0.022 
 272   (0.027) 0.002 0.005 0.014 

Locus 9 : 
16 alleles
0.0% missing data
 146   (0.263) 0.419 0.445 0.488 
 178   (0.042) 0.012 0.014 0.027 
 170   (0.061) 0.040 0.065 0.028 
 166   (0.062) 0.022 0.025 0.082 
 172   (0.062) 0.008 0.067 0.048 
 168   (0.084) 0.026 0.144 0.063 
 162   (0.026) 0.005 0.005 0.013 
 148   (0.077) 0.213 0.038 0.058 
 160   (0.069) 0.016 0.040 0.095 
 174   (0.038) 0.003 0.015 0.028 
 158   (0.045) 0.006 0.053 0.017 
   0   (0.035) 0.151 0.029 0.004 
 154   (0.060) 0.056 0.031 0.026 
 164   (0.022) 0.002 0.005 0.007 
 180   (0.023) 0.011 0.010 0.002 
 142   (0.029) 0.011 0.013 0.013 

Locus 10 : 
8 alleles
0.0% missing data
 158   (0.678) 0.665 0.738 0.864 
 160   (0.119) 0.019 0.127 0.110 
 154   (0.041) 0.003 0.034 0.009 
 156   (0.028) 0.056 0.005 0.003 
 152   (0.039) 0.017 0.046 0.004 
   0   (0.042) 0.233 0.022 0.005 
 144   (0.026) 0.004 0.013 0.003 
 162   (0.025) 0.002 0.016 0.003 

Locus 11 : 
15 alleles
0.0% missing data
 214   (0.119) 0.053 0.069 0.139 
 220   (0.087) 0.007 0.046 0.170 
 210   (0.067) 0.009 0.029 0.103 
 218   (0.172) 0.014 0.186 0.351 
 192   (0.023) 0.002 0.017 0.002 
 194   (0.028) 0.002 0.018 0.003 
 212   (0.049) 0.012 0.024 0.024 
   0   (0.142) 0.834 0.392 0.023 
 222   (0.097) 0.014 0.101 0.080 
 224   (0.041) 0.010 0.014 0.010 
 216   (0.063) 0.018 0.021 0.079 
 200   (0.025) 0.010 0.011 0.002 
 204   (0.026) 0.010 0.011 0.002 
 188   (0.032) 0.002 0.058 0.003 
 208   (0.028) 0.002 0.005 0.008 

Locus 12 : 
18 alleles
0.0% missing data
 144   (0.043) 0.051 0.007 0.025 
 162   (0.039) 0.016 0.010 0.039 
 170   (0.032) 0.003 0.007 0.043 
   0   (0.098) 0.228 0.490 0.017 
 148   (0.086) 0.095 0.044 0.089 
 142   (0.078) 0.049 0.039 0.104 
 154   (0.037) 0.007 0.011 0.041 
 146   (0.215) 0.354 0.230 0.387 
 164   (0.031) 0.003 0.006 0.055 
 168   (0.037) 0.003 0.016 0.022 
 156   (0.065) 0.016 0.063 0.065 
 172   (0.046) 0.023 0.017 0.029 
 166   (0.051) 0.015 0.020 0.054 
 158   (0.037) 0.047 0.014 0.010 
 150   (0.025) 0.011 0.007 0.004 
 174   (0.022) 0.012 0.009 0.002 
 182   (0.023) 0.002 0.004 0.008 
 160   (0.034) 0.065 0.006 0.008 

Locus 13 : 
16 alleles
0.0% missing data
 285   (0.177) 0.104 0.094 0.330 
 291   (0.115) 0.022 0.055 0.141 
 289   (0.066) 0.008 0.014 0.231 
   0   (0.156) 0.702 0.612 0.020 
 277   (0.040) 0.005 0.008 0.031 
 273   (0.058) 0.006 0.025 0.073 
 293   (0.052) 0.005 0.092 0.012 
 287   (0.057) 0.027 0.013 0.043 
 295   (0.046) 0.004 0.010 0.049 
 301   (0.025) 0.004 0.007 0.006 
 303   (0.036) 0.020 0.013 0.012 
 279   (0.040) 0.004 0.021 0.014 
 181   (0.028) 0.003 0.009 0.006 
 283   (0.033) 0.074 0.009 0.003 
 281   (0.026) 0.003 0.005 0.008 
 297   (0.045) 0.010 0.015 0.022 

Values of parameters used in structure:
DATAFILE=bws18_structure.txt,	OUTFILE=bws18_structurek3_2_results,	NUMINDS=136,	NUMLOCI=13,	MISSING=-9,	LABEL=1,	POPDATA=1,	POPFLAG=0,	PHENOTYPE=0,	EXTRACOLS=0,	MAXPOPS=3,	BURNIN=10000,	NUMREPS=20000,	USEPOPINFO=0,	INFERALPHA=1,	INFERLAMBDA=0,	POPSPECIFICLAMBDA=0,	POPALPHAS=0,	COMPUTEPROB=1,	NOADMIX=0,	ADMBURNIN=500,	UPDATEFREQ=100,	PRINTLIKES=0,	INTERMEDSAVE=0,	PRINTKLD=0,	PRINTNET=1,	PRINTLAMBDA=1,	ANCESTDIST=0,	NUMBOXES=1000,	ANCESTPINT=0.90000,	GENSBACK=2,	MIGRPRIOR=0.01000,	PRINTQHAT=0,	PRINTQSUM=1,	ALPHA=1.0000,	FREQSCORR=1,	FPRIORMEAN=0.0100,	FPRIORSD=0.0500,	ONEFST=0,	LAMBDA=1.0000,	UNIFPRIORALPHA=1,	ALPHAMAX=10.0000,	ALPHAPRIORA=1.0000,	ALPHAPRIORB=2.0000,	ALPHAPROPSD=0.0250,	STARTATPOPINFO=0,	RANDOMIZE=1,	LINKAGE=0,	METROFREQ=10,	REPORTHITRATE=0,	MARKOVPHASE=0,	PHASED=0,	PLOIDY=2,	PHASEINFO=0	LOCPRIOR=0, 	LOCPRIORINIT=1.000000, 	LOCDATA=0, 	LOCISPOP=1, 	LOCPRIORSTEP=0.100000, 	MAXLOCPRIOR=20.000000, 	SEED=1682095896,	
[STRAT parameters]:    NUMSIMSTATS=1000,	PHENOTYPECOL=-9,	POOLFREQ=10,	LOCUSxONLY=0,	EMERROR=0.00100,	MISSINGPHENO=-9,	