

----------------------------------------------------
STRUCTURE by Pritchard, Stephens and Donnelly (2000)
     and Falush, Stephens and Pritchard (2003)
       Code by Pritchard, Falush and Hubisz
             Version 2.3.4 (Jul 2012)
----------------------------------------------------



Command line arguments:   ./structure -m mainparams_bws18_k5_2 
Input File:    bws18_structure.txt

Run parameters:
   136 individuals
   13 loci
   5 populations assumed
   10000 Burn-in period
   20000 Reps


--------------------------------------------
Proportion of membership of each pre-defined
 population in each of the 5 clusters

Given    Inferred Clusters                     Number of
 Pop       1      2      3      4      5      Individuals

 17:     0.384  0.013  0.039  0.296  0.267       18
 22:     0.222  0.023  0.231  0.351  0.174       11
 29:     0.280  0.067  0.038  0.289  0.326       13
 62:     0.180  0.044  0.095  0.405  0.276       20
122:     0.149  0.097  0.191  0.394  0.169       14
193:     0.146  0.187  0.185  0.285  0.197       14
205:     0.126  0.014  0.161  0.468  0.230       19
286:     0.076  0.264  0.298  0.118  0.244       13
328:     0.162  0.115  0.048  0.295  0.381       14
--------------------------------------------

Allele-freq. divergence among pops (Net nucleotide distance),
computed using point estimates of P.

      1       2       3       4       5      
 1      -    0.0818  0.1112  0.0536  0.0505  
 2   0.0818     -    0.1093  0.0877  0.0909  
 3   0.1112  0.1093     -    0.1812  0.1776  
 4   0.0536  0.0877  0.1812     -    0.0106  
 5   0.0505  0.0909  0.1776  0.0106     -    

Average distances (expected heterozygosity) between individuals in same cluster:
cluster  1  : 0.6741 
cluster  2  : 0.7536 
cluster  3  : 0.4953 
cluster  4  : 0.6898 
cluster  5  : 0.6946 

--------------------------------------------
Estimated Ln Prob of Data   = -5765.0
Mean value of ln likelihood = -5466.7
Variance of ln likelihood   = 596.6
Mean value of alpha         = 0.0598

Mean value of Fst_1         = 0.1039
Mean value of Fst_2         = 0.1452
Mean value of Fst_3         = 0.3203
Mean value of Fst_4         = 0.0633
Mean value of Fst_5         = 0.0627


Inferred ancestry of individuals:
        Label (%Miss) Pop:  Inferred clusters
  1    0079C    (0)   17 :  0.009 0.012 0.005 0.876 0.097 
  2    0079D    (0)   17 :  0.017 0.007 0.005 0.839 0.132 
  3    0079E    (0)   17 :  0.914 0.006 0.031 0.018 0.031 
  4    0079G    (0)   17 :  0.015 0.009 0.007 0.651 0.317 
  5    0082A    (0)   17 :  0.033 0.014 0.005 0.165 0.782 
  6    0082B    (0)   17 :  0.011 0.013 0.006 0.023 0.947 
  7    0082C    (0)   17 :  0.204 0.059 0.458 0.109 0.169 
  8    0082D    (0)   17 :  0.963 0.009 0.008 0.011 0.010 
  9    0121B    (0)   22 :  0.248 0.018 0.567 0.042 0.125 
 10    0121C    (0)   22 :  0.009 0.007 0.004 0.801 0.178 
 11    0147A    (0)   29 :  0.689 0.051 0.248 0.006 0.006 
 12    0147B    (0)   29 :  0.222 0.024 0.029 0.634 0.091 
 13    0147D    (0)   29 :  0.845 0.023 0.109 0.011 0.011 
 14    0167A    (0)   17 :  0.010 0.010 0.004 0.838 0.138 
 15    0167B    (0)   17 :  0.747 0.008 0.005 0.126 0.114 
 16    0167C    (0)   17 :  0.016 0.007 0.006 0.062 0.909 
 17    0309A    (0)   62 :  0.032 0.008 0.005 0.548 0.408 
 18    0309C    (0)   62 :  0.010 0.006 0.005 0.814 0.165 
 19    0309D    (0)   62 :  0.307 0.017 0.586 0.025 0.066 
 20    0309E    (0)   62 :  0.931 0.007 0.011 0.035 0.017 
 21    0625A    (0)   122 :  0.431 0.030 0.018 0.379 0.143 
 22    0625B    (0)   122 :  0.161 0.006 0.005 0.498 0.330 
 23    0625C    (0)   122 :  0.010 0.009 0.005 0.734 0.243 
 24    0625D    (0)   122 :  0.008 0.006 0.005 0.863 0.118 
 25    1029C    (0)   193 :  0.612 0.077 0.125 0.149 0.037 
 26    1029D    (0)   193 :  0.733 0.082 0.158 0.015 0.012 
 27    1029G    (0)   193 :  0.024 0.023 0.914 0.014 0.026 
 28    1187B    (0)   29 :  0.016 0.010 0.004 0.216 0.753 
 29    1187C    (0)   29 :  0.089 0.008 0.005 0.676 0.222 
 30    1187D    (0)   29 :  0.786 0.012 0.011 0.091 0.100 
 31    1187E    (0)   29 :  0.009 0.005 0.006 0.041 0.939 
 32    1314A    (0)   193 :  0.090 0.009 0.317 0.218 0.366 
 33    1314B    (0)   193 :  0.024 0.325 0.020 0.417 0.214 
 34    1314C    (0)   193 :  0.030 0.010 0.004 0.680 0.275 
 35    1314D    (0)   193 :  0.010 0.007 0.005 0.652 0.327 
 36    1314E    (0)   193 :  0.033 0.027 0.179 0.254 0.507 
 37    1319A    (0)   62 :  0.026 0.008 0.006 0.378 0.582 
 38    1319B    (0)   62 :  0.185 0.006 0.033 0.474 0.303 
 39    1600A    (0)   29 :  0.038 0.016 0.005 0.415 0.526 
 40    1600B    (0)   29 :  0.012 0.007 0.005 0.744 0.233 
 41    1600C    (0)   29 :  0.033 0.005 0.045 0.499 0.418 
 42    1630A    (0)   193 :  0.076 0.100 0.059 0.495 0.269 
 43    1630B    (0)   193 :  0.169 0.328 0.019 0.216 0.269 
 44    1630C    (0)   193 :  0.105 0.205 0.614 0.027 0.049 
 45    1711A    (0)   286 :  0.034 0.022 0.046 0.023 0.876 
 46    1711B    (0)   286 :  0.009 0.007 0.005 0.036 0.943 
 47    1711C    (0)   286 :  0.021 0.012 0.947 0.011 0.008 
 48    1711D    (0)   286 :  0.039 0.693 0.013 0.199 0.055 
 49    1711E    (0)   286 :  0.807 0.136 0.036 0.011 0.011 
 50    1715B    (0)   205 :  0.013 0.009 0.006 0.771 0.200 
 51    1715C    (0)   205 :  0.063 0.022 0.005 0.375 0.535 
 52    1715D    (0)   205 :  0.010 0.009 0.006 0.730 0.245 
 53    1715E    (0)   205 :  0.012 0.009 0.007 0.919 0.052 
 54    1726A    (0)   205 :  0.025 0.009 0.010 0.585 0.371 
 55    1726B    (0)   205 :  0.698 0.028 0.121 0.063 0.091 
 56    1783A    (0)   205 :  0.006 0.007 0.977 0.006 0.005 
 57    1783B    (0)   205 :  0.043 0.015 0.005 0.312 0.625 
 58    1783C    (0)   205 :  0.024 0.006 0.008 0.700 0.262 
 59    1783D    (0)   205 :  0.008 0.006 0.007 0.772 0.207 
 60    1783E    (0)   205 :  0.010 0.011 0.005 0.709 0.264 
 61    2008C    (0)   62 :  0.016 0.006 0.004 0.716 0.258 
 62    2008D    (0)   62 :  0.025 0.009 0.005 0.712 0.249 
 63    2008E    (0)   62 :  0.013 0.044 0.045 0.676 0.222 
 64    2008F    (0)   62 :  0.102 0.011 0.838 0.020 0.028 
 65    2008G    (0)   62 :  0.419 0.030 0.026 0.338 0.187 
 66    2008H    (0)   62 :  0.029 0.007 0.005 0.434 0.524 
 67    2033A    (0)   328 :  0.012 0.606 0.008 0.243 0.130 
 68    2159A    (0)   328 :  0.065 0.007 0.006 0.539 0.383 
 69    2159B    (0)   328 :  0.016 0.006 0.005 0.661 0.312 
 70    2159C    (0)   328 :  0.033 0.009 0.007 0.719 0.232 
 71    2159E    (0)   328 :  0.009 0.005 0.004 0.480 0.500 
 72    2341B    (0)   62 :  0.589 0.009 0.011 0.136 0.256 
 73    2341C    (0)   62 :  0.018 0.037 0.006 0.715 0.225 
 74    2351A    (0)   62 :  0.046 0.008 0.004 0.280 0.662 
 75    2366A    (0)   122 :  0.009 0.020 0.898 0.028 0.045 
 76    2366B    (0)   122 :  0.007 0.009 0.968 0.008 0.008 
 77    2366C    (0)   122 :  0.011 0.033 0.006 0.819 0.132 
 78    2366D    (0)   122 :  0.018 0.012 0.005 0.462 0.503 
 79    2409A    (0)   122 :  0.536 0.021 0.071 0.021 0.352 
 80    2423C    (0)   205 :  0.015 0.018 0.007 0.798 0.162 
 81    2423D    (0)   205 :  0.285 0.007 0.022 0.415 0.272 
 82    2423E    (0)   205 :  0.703 0.032 0.174 0.051 0.041 
 83    2856A    (0)   22 :  0.078 0.031 0.294 0.144 0.453 
 84    2856B    (0)   22 :  0.041 0.007 0.037 0.739 0.176 
 85    2856C    (0)   22 :  0.118 0.008 0.023 0.060 0.792 
 86    2856E    (0)   22 :  0.921 0.005 0.020 0.026 0.028 
 87    3026A    (0)   17 :  0.051 0.014 0.008 0.545 0.382 
 88    3026B    (0)   17 :  0.820 0.010 0.008 0.076 0.087 
 89    3253A    (0)   205 :  0.009 0.007 0.007 0.913 0.065 
 90    3280A    (0)   328 :  0.088 0.042 0.005 0.445 0.419 
 91    3280B    (0)   328 :  0.065 0.009 0.005 0.495 0.426 
 92    3760C    (0)   122 :  0.012 0.948 0.017 0.013 0.009 
 93    4249A    (0)   193 :  0.021 0.009 0.006 0.685 0.280 
 94    4316A    (0)   17 :  0.617 0.006 0.005 0.195 0.178 
 95    4316B    (0)   17 :  0.019 0.011 0.005 0.636 0.329 
 96    4316C    (0)   17 :  0.613 0.026 0.129 0.118 0.113 
 97    4316D    (0)   17 :  0.933 0.006 0.006 0.017 0.038 
 98    4316E    (0)   17 :  0.923 0.006 0.007 0.025 0.039 
 99    5597A    (0)   22 :  0.923 0.028 0.018 0.019 0.012 
100    5597B    (0)   22 :  0.019 0.007 0.006 0.919 0.050 
101    5597C    (0)   22 :  0.020 0.013 0.004 0.893 0.070 
102    5597D    (0)   22 :  0.056 0.093 0.609 0.210 0.033 
103    5637A    (0)   205 :  0.114 0.006 0.010 0.192 0.678 
104    5637C    (0)   205 :  0.035 0.038 0.177 0.538 0.213 
105    5637D    (0)   205 :  0.118 0.028 0.782 0.034 0.037 
106    5637E    (0)   205 :  0.204 0.008 0.716 0.018 0.054 
107    5912A    (0)   286 :  0.023 0.024 0.005 0.256 0.692 
108    5912B    (0)   286 :  0.010 0.008 0.006 0.797 0.178 
109    5912C    (0)   286 :  0.007 0.194 0.290 0.134 0.374 
110    5912D    (0)   286 :  0.014 0.021 0.904 0.045 0.017 
111    5954B    (0)   286 :  0.005 0.419 0.562 0.008 0.007 
112    5954C    (0)   286 :  0.007 0.005 0.977 0.006 0.006 
113    5954D    (0)   286 :  0.009 0.964 0.017 0.005 0.004 
114    5954E    (0)   286 :  0.006 0.928 0.059 0.004 0.003 
115    6136A    (0)   29 :  0.021 0.018 0.009 0.081 0.870 
116    6136B    (0)   29 :  0.857 0.050 0.007 0.053 0.033 
117    6136C    (0)   29 :  0.016 0.643 0.009 0.293 0.038 
118    6337A    (0)   328 :  0.133 0.008 0.052 0.065 0.742 
119    6337B    (0)   328 :  0.009 0.006 0.004 0.067 0.914 
120    6337C    (0)   328 :  0.019 0.008 0.006 0.030 0.937 
121    6337D    (0)   328 :  0.377 0.050 0.273 0.197 0.102 
122    6337E    (0)   328 :  0.825 0.017 0.014 0.101 0.043 
123    6382C    (0)   122 :  0.012 0.009 0.005 0.674 0.299 
124    6382E    (0)   122 :  0.010 0.020 0.007 0.858 0.105 
125    6382F    (0)   122 :  0.036 0.194 0.652 0.097 0.021 
126    6382G    (0)   122 :  0.823 0.037 0.016 0.068 0.057 
127    6514C    (0)   62 :  0.028 0.043 0.007 0.249 0.673 
128    6514E    (0)   62 :  0.014 0.015 0.012 0.530 0.430 
129    6514F    (0)   62 :  0.017 0.007 0.006 0.808 0.163 
130    6514G    (0)   62 :  0.010 0.588 0.201 0.150 0.051 
131    6514H    (0)   62 :  0.793 0.022 0.077 0.062 0.046 
132    6546B    (0)   328 :  0.040 0.796 0.010 0.041 0.113 
133    6546C    (0)   328 :  0.572 0.034 0.267 0.043 0.084 
134    6706A    (0)   193 :  0.084 0.612 0.087 0.125 0.092 
135    6706B    (0)   193 :  0.030 0.809 0.079 0.047 0.034 
136    6723B    (0)   22 :  0.006 0.030 0.954 0.006 0.004 


Estimated Allele Frequencies in each cluster
First column gives estimated ancestral frequencies


Locus 1 : 
9 alleles
0.0% missing data
 148   (0.604) 0.791 0.560 0.601 0.753 0.662 
 146   (0.149) 0.096 0.103 0.116 0.105 0.219 
 147   (0.102) 0.047 0.067 0.093 0.104 0.076 
   0   (0.025) 0.009 0.088 0.181 0.004 0.006 
 142   (0.032) 0.019 0.010 0.002 0.014 0.018 
 137   (0.018) 0.003 0.004 0.001 0.009 0.006 
 161   (0.028) 0.015 0.085 0.003 0.005 0.006 
 172   (0.020) 0.018 0.005 0.001 0.003 0.004 
 151   (0.023) 0.004 0.078 0.002 0.004 0.004 

Locus 2 : 
17 alleles
0.0% missing data
 197   (0.226) 0.375 0.118 0.168 0.367 0.300 
 205   (0.103) 0.038 0.145 0.080 0.134 0.106 
 199   (0.077) 0.077 0.226 0.010 0.048 0.074 
 201   (0.141) 0.171 0.199 0.203 0.162 0.133 
 203   (0.065) 0.096 0.017 0.028 0.030 0.102 
 213   (0.045) 0.008 0.030 0.003 0.048 0.053 
 227   (0.042) 0.078 0.023 0.009 0.014 0.019 
 221   (0.033) 0.010 0.010 0.006 0.033 0.022 
 211   (0.056) 0.091 0.017 0.004 0.067 0.037 
 215   (0.024) 0.003 0.006 0.001 0.005 0.050 
   0   (0.024) 0.005 0.069 0.379 0.004 0.005 
 217   (0.037) 0.015 0.012 0.003 0.023 0.046 
 191   (0.037) 0.009 0.033 0.016 0.027 0.020 
 193   (0.045) 0.007 0.046 0.086 0.025 0.018 
 219   (0.015) 0.003 0.004 0.001 0.007 0.008 
 241   (0.014) 0.002 0.039 0.001 0.002 0.003 
 207   (0.018) 0.012 0.005 0.003 0.004 0.005 

Locus 3 : 
10 alleles
0.0% missing data
 201   (0.226) 0.246 0.103 0.036 0.356 0.260 
 207   (0.302) 0.287 0.220 0.145 0.399 0.276 
 204   (0.198) 0.296 0.195 0.021 0.126 0.303 
   0   (0.039) 0.006 0.319 0.708 0.006 0.008 
 210   (0.114) 0.106 0.077 0.028 0.087 0.098 
 219   (0.023) 0.014 0.007 0.031 0.004 0.006 
 198   (0.026) 0.004 0.007 0.002 0.012 0.017 
 213   (0.022) 0.029 0.018 0.002 0.003 0.004 
 216   (0.024) 0.003 0.047 0.025 0.003 0.005 
 189   (0.027) 0.008 0.007 0.003 0.005 0.024 

Locus 4 : 
13 alleles
0.0% missing data
 138   (0.114) 0.179 0.142 0.009 0.133 0.078 
 140   (0.153) 0.204 0.061 0.030 0.170 0.300 
 132   (0.150) 0.088 0.187 0.200 0.195 0.118 
 154   (0.019) 0.003 0.005 0.001 0.009 0.008 
 142   (0.132) 0.129 0.085 0.122 0.100 0.186 
 134   (0.057) 0.022 0.250 0.011 0.021 0.046 
 128   (0.043) 0.022 0.017 0.112 0.013 0.027 
   0   (0.070) 0.183 0.027 0.491 0.031 0.053 
 136   (0.094) 0.094 0.092 0.008 0.145 0.084 
 144   (0.064) 0.056 0.066 0.004 0.055 0.044 
 146   (0.029) 0.005 0.008 0.002 0.017 0.023 
 152   (0.035) 0.006 0.028 0.003 0.027 0.017 
 130   (0.041) 0.007 0.032 0.007 0.084 0.016 

Locus 5 : 
10 alleles
0.0% missing data
 257   (0.343) 0.184 0.291 0.183 0.486 0.473 
 271   (0.052) 0.008 0.076 0.003 0.056 0.031 
 259   (0.305) 0.316 0.326 0.085 0.359 0.312 
   0   (0.079) 0.193 0.115 0.704 0.015 0.036 
 261   (0.065) 0.198 0.023 0.011 0.026 0.041 
 263   (0.022) 0.035 0.006 0.002 0.003 0.004 
 269   (0.033) 0.005 0.021 0.006 0.011 0.041 
 273   (0.062) 0.054 0.133 0.004 0.034 0.036 
 265   (0.019) 0.003 0.005 0.001 0.007 0.010 
 267   (0.019) 0.003 0.005 0.001 0.003 0.015 

Locus 6 : 
16 alleles
0.0% missing data
 147   (0.144) 0.175 0.082 0.362 0.196 0.190 
 141   (0.122) 0.195 0.098 0.055 0.122 0.140 
 149   (0.089) 0.113 0.026 0.141 0.091 0.111 
 159   (0.061) 0.131 0.015 0.008 0.040 0.082 
 137   (0.083) 0.097 0.023 0.042 0.081 0.132 
 139   (0.038) 0.012 0.033 0.002 0.028 0.038 
 161   (0.062) 0.089 0.094 0.005 0.067 0.028 
 151   (0.060) 0.016 0.087 0.051 0.106 0.055 
 153   (0.079) 0.046 0.057 0.092 0.082 0.061 
 165   (0.054) 0.059 0.067 0.009 0.032 0.037 
 145   (0.060) 0.012 0.049 0.056 0.084 0.042 
 135   (0.016) 0.003 0.005 0.024 0.003 0.003 
 157   (0.039) 0.032 0.010 0.003 0.027 0.043 
   0   (0.029) 0.004 0.292 0.037 0.006 0.009 
 143   (0.040) 0.009 0.023 0.111 0.031 0.015 
 155   (0.025) 0.004 0.039 0.002 0.007 0.013 

Locus 7 : 
5 alleles
0.0% missing data
 138   (0.705) 0.797 0.540 0.799 0.776 0.836 
 144   (0.086) 0.086 0.122 0.007 0.063 0.038 
 132   (0.161) 0.109 0.138 0.168 0.150 0.115 
   0   (0.027) 0.004 0.194 0.002 0.008 0.007 
 135   (0.021) 0.003 0.007 0.025 0.003 0.004 

Locus 8 : 
13 alleles
0.0% missing data
 276   (0.058) 0.029 0.035 0.004 0.075 0.033 
 286   (0.124) 0.075 0.082 0.009 0.142 0.152 
 278   (0.171) 0.169 0.067 0.050 0.248 0.242 
 270   (0.028) 0.057 0.006 0.002 0.009 0.010 
 280   (0.194) 0.253 0.103 0.044 0.191 0.287 
 266   (0.047) 0.024 0.011 0.003 0.017 0.080 
   0   (0.075) 0.050 0.558 0.853 0.030 0.025 
 282   (0.126) 0.142 0.078 0.016 0.190 0.090 
 274   (0.029) 0.022 0.008 0.002 0.020 0.009 
 290   (0.035) 0.089 0.014 0.004 0.008 0.013 
 284   (0.042) 0.013 0.019 0.010 0.033 0.021 
 288   (0.047) 0.072 0.013 0.003 0.020 0.029 
 272   (0.024) 0.004 0.006 0.001 0.018 0.010 

Locus 9 : 
16 alleles
0.0% missing data
 146   (0.332) 0.470 0.287 0.510 0.474 0.488 
 178   (0.039) 0.006 0.046 0.002 0.028 0.025 
 170   (0.051) 0.070 0.045 0.024 0.043 0.018 
 166   (0.067) 0.026 0.030 0.021 0.083 0.068 
 172   (0.054) 0.084 0.014 0.005 0.056 0.033 
 168   (0.079) 0.142 0.022 0.048 0.075 0.067 
 162   (0.026) 0.004 0.026 0.002 0.007 0.017 
 148   (0.076) 0.025 0.062 0.279 0.055 0.068 
 160   (0.067) 0.036 0.020 0.012 0.086 0.105 
 174   (0.034) 0.016 0.008 0.002 0.036 0.017 
 158   (0.037) 0.056 0.012 0.006 0.023 0.016 
   0   (0.029) 0.026 0.303 0.002 0.005 0.007 
 154   (0.045) 0.027 0.013 0.083 0.015 0.040 
 164   (0.018) 0.003 0.005 0.001 0.006 0.010 
 180   (0.018) 0.003 0.038 0.001 0.003 0.003 
 142   (0.027) 0.005 0.068 0.002 0.005 0.018 

Locus 10 : 
8 alleles
0.0% missing data
 158   (0.718) 0.758 0.361 0.887 0.842 0.863 
 160   (0.118) 0.139 0.034 0.021 0.124 0.098 
 154   (0.035) 0.038 0.008 0.002 0.010 0.011 
 156   (0.023) 0.003 0.006 0.080 0.003 0.004 
 152   (0.036) 0.031 0.087 0.002 0.006 0.007 
   0   (0.031) 0.005 0.492 0.002 0.005 0.007 
 144   (0.022) 0.010 0.007 0.005 0.006 0.006 
 162   (0.017) 0.016 0.005 0.001 0.003 0.004 

Locus 11 : 
15 alleles
0.0% missing data
 214   (0.120) 0.072 0.124 0.010 0.177 0.078 
 220   (0.122) 0.057 0.032 0.008 0.159 0.170 
 210   (0.084) 0.026 0.035 0.006 0.129 0.067 
 218   (0.194) 0.199 0.047 0.013 0.286 0.410 
 192   (0.022) 0.019 0.005 0.001 0.003 0.005 
 194   (0.019) 0.019 0.004 0.001 0.003 0.004 
 212   (0.038) 0.014 0.012 0.015 0.025 0.027 
   0   (0.122) 0.386 0.550 0.912 0.026 0.052 
 222   (0.090) 0.098 0.029 0.012 0.089 0.080 
 224   (0.029) 0.010 0.007 0.008 0.005 0.021 
 216   (0.070) 0.023 0.070 0.007 0.076 0.064 
 200   (0.026) 0.004 0.037 0.001 0.004 0.005 
 204   (0.020) 0.003 0.037 0.001 0.003 0.004 
 188   (0.023) 0.067 0.006 0.001 0.005 0.005 
 208   (0.019) 0.003 0.004 0.001 0.009 0.007 

Locus 12 : 
18 alleles
0.0% missing data
 144   (0.041) 0.006 0.026 0.051 0.032 0.017 
 162   (0.040) 0.006 0.074 0.003 0.046 0.018 
 170   (0.039) 0.007 0.009 0.003 0.044 0.040 
   0   (0.057) 0.573 0.020 0.386 0.016 0.018 
 148   (0.082) 0.027 0.028 0.144 0.090 0.087 
 142   (0.090) 0.030 0.050 0.045 0.053 0.173 
 154   (0.041) 0.009 0.011 0.005 0.027 0.061 
 146   (0.245) 0.205 0.382 0.301 0.416 0.335 
 164   (0.047) 0.007 0.012 0.003 0.061 0.045 
 168   (0.034) 0.016 0.009 0.002 0.029 0.013 
 156   (0.071) 0.062 0.018 0.023 0.070 0.068 
 172   (0.034) 0.011 0.030 0.010 0.039 0.020 
 166   (0.063) 0.021 0.048 0.008 0.045 0.063 
 158   (0.034) 0.006 0.091 0.010 0.012 0.013 
 150   (0.014) 0.002 0.029 0.001 0.003 0.003 
 174   (0.020) 0.003 0.039 0.001 0.003 0.004 
 182   (0.019) 0.003 0.005 0.001 0.009 0.007 
 160   (0.030) 0.005 0.118 0.003 0.007 0.013 

Locus 13 : 
16 alleles
0.0% missing data
 285   (0.233) 0.112 0.161 0.061 0.319 0.325 
 291   (0.115) 0.056 0.073 0.012 0.167 0.087 
 289   (0.112) 0.022 0.038 0.008 0.238 0.190 
   0   (0.128) 0.635 0.390 0.846 0.036 0.039 
 277   (0.041) 0.007 0.011 0.004 0.036 0.026 
 273   (0.036) 0.009 0.009 0.003 0.008 0.157 
 293   (0.044) 0.091 0.013 0.003 0.018 0.027 
 287   (0.056) 0.010 0.015 0.031 0.040 0.050 
 295   (0.040) 0.007 0.011 0.002 0.061 0.029 
 301   (0.018) 0.004 0.008 0.002 0.007 0.007 
 303   (0.030) 0.006 0.064 0.002 0.011 0.011 
 279   (0.033) 0.021 0.009 0.002 0.019 0.012 
 181   (0.023) 0.005 0.006 0.001 0.004 0.014 
 283   (0.031) 0.004 0.128 0.018 0.005 0.006 
 281   (0.021) 0.003 0.005 0.001 0.012 0.005 
 297   (0.040) 0.006 0.059 0.002 0.022 0.018 

Values of parameters used in structure:
DATAFILE=bws18_structure.txt,	OUTFILE=bws18_structurek5_2_results,	NUMINDS=136,	NUMLOCI=13,	MISSING=-9,	LABEL=1,	POPDATA=1,	POPFLAG=0,	PHENOTYPE=0,	EXTRACOLS=0,	MAXPOPS=5,	BURNIN=10000,	NUMREPS=20000,	USEPOPINFO=0,	INFERALPHA=1,	INFERLAMBDA=0,	POPSPECIFICLAMBDA=0,	POPALPHAS=0,	COMPUTEPROB=1,	NOADMIX=0,	ADMBURNIN=500,	UPDATEFREQ=100,	PRINTLIKES=0,	INTERMEDSAVE=0,	PRINTKLD=0,	PRINTNET=1,	PRINTLAMBDA=1,	ANCESTDIST=0,	NUMBOXES=1000,	ANCESTPINT=0.90000,	GENSBACK=2,	MIGRPRIOR=0.01000,	PRINTQHAT=0,	PRINTQSUM=1,	ALPHA=1.0000,	FREQSCORR=1,	FPRIORMEAN=0.0100,	FPRIORSD=0.0500,	ONEFST=0,	LAMBDA=1.0000,	UNIFPRIORALPHA=1,	ALPHAMAX=10.0000,	ALPHAPRIORA=1.0000,	ALPHAPRIORB=2.0000,	ALPHAPROPSD=0.0250,	STARTATPOPINFO=0,	RANDOMIZE=1,	LINKAGE=0,	METROFREQ=10,	REPORTHITRATE=0,	MARKOVPHASE=0,	PHASED=0,	PLOIDY=2,	PHASEINFO=0	LOCPRIOR=0, 	LOCPRIORINIT=1.000000, 	LOCDATA=0, 	LOCISPOP=1, 	LOCPRIORSTEP=0.100000, 	MAXLOCPRIOR=20.000000, 	SEED=1682095942,	
[STRAT parameters]:    NUMSIMSTATS=1000,	PHENOTYPECOL=-9,	POOLFREQ=10,	LOCUSxONLY=0,	EMERROR=0.00100,	MISSINGPHENO=-9,	