

----------------------------------------------------
STRUCTURE by Pritchard, Stephens and Donnelly (2000)
     and Falush, Stephens and Pritchard (2003)
       Code by Pritchard, Falush and Hubisz
             Version 2.3.4 (Jul 2012)
----------------------------------------------------



Command line arguments:   ./structure -m mainparams_bws18_k3 
Input File:    bws18_structure.txt

Run parameters:
   136 individuals
   13 loci
   3 populations assumed
   10000 Burn-in period
   20000 Reps


--------------------------------------------
Proportion of membership of each pre-defined
 population in each of the 3 clusters

Given    Inferred Clusters       Number of
 Pop       1      2      3      Individuals

 17:     0.030  0.437  0.533       18
 22:     0.233  0.288  0.479       11
 29:     0.064  0.329  0.608       13
 62:     0.100  0.240  0.660       20
122:     0.258  0.211  0.531       14
193:     0.295  0.225  0.480       14
205:     0.139  0.187  0.674       19
286:     0.516  0.120  0.364       13
328:     0.082  0.247  0.670       14
--------------------------------------------

Allele-freq. divergence among pops (Net nucleotide distance),
computed using point estimates of P.

      1       2       3      
 1      -    0.0922  0.1519  
 2   0.0922     -    0.0496  
 3   0.1519  0.0496     -    

Average distances (expected heterozygosity) between individuals in same cluster:
cluster  1  : 0.6085 
cluster  2  : 0.6896 
cluster  3  : 0.6898 

--------------------------------------------
Estimated Ln Prob of Data   = -5879.5
Mean value of ln likelihood = -5670.7
Variance of ln likelihood   = 417.8
Mean value of alpha         = 0.0898

Mean value of Fst_1         = 0.2021
Mean value of Fst_2         = 0.0868
Mean value of Fst_3         = 0.0627


Inferred ancestry of individuals:
        Label (%Miss) Pop:  Inferred clusters
  1    0079C    (0)   17 :  0.009 0.014 0.977 
  2    0079D    (0)   17 :  0.007 0.018 0.975 
  3    0079E    (0)   17 :  0.015 0.954 0.031 
  4    0079G    (0)   17 :  0.009 0.022 0.969 
  5    0082A    (0)   17 :  0.007 0.086 0.907 
  6    0082B    (0)   17 :  0.011 0.023 0.966 
  7    0082C    (0)   17 :  0.308 0.555 0.137 
  8    0082D    (0)   17 :  0.011 0.974 0.015 
  9    0121B    (0)   22 :  0.448 0.517 0.035 
 10    0121C    (0)   22 :  0.008 0.015 0.977 
 11    0147A    (0)   29 :  0.222 0.769 0.009 
 12    0147B    (0)   29 :  0.044 0.343 0.614 
 13    0147D    (0)   29 :  0.091 0.891 0.018 
 14    0167A    (0)   17 :  0.007 0.013 0.980 
 15    0167B    (0)   17 :  0.007 0.882 0.111 
 16    0167C    (0)   17 :  0.008 0.030 0.963 
 17    0309A    (0)   62 :  0.007 0.030 0.963 
 18    0309C    (0)   62 :  0.007 0.016 0.976 
 19    0309D    (0)   62 :  0.410 0.548 0.042 
 20    0309E    (0)   62 :  0.017 0.936 0.048 
 21    0625A    (0)   122 :  0.022 0.566 0.411 
 22    0625B    (0)   122 :  0.007 0.138 0.855 
 23    0625C    (0)   122 :  0.008 0.016 0.975 
 24    0625D    (0)   122 :  0.008 0.012 0.980 
 25    1029C    (0)   193 :  0.153 0.641 0.205 
 26    1029D    (0)   193 :  0.176 0.801 0.022 
 27    1029G    (0)   193 :  0.844 0.138 0.018 
 28    1187B    (0)   29 :  0.010 0.015 0.975 
 29    1187C    (0)   29 :  0.007 0.104 0.889 
 30    1187D    (0)   29 :  0.011 0.813 0.176 
 31    1187E    (0)   29 :  0.007 0.017 0.975 
 32    1314A    (0)   193 :  0.182 0.338 0.479 
 33    1314B    (0)   193 :  0.242 0.046 0.712 
 34    1314C    (0)   193 :  0.007 0.035 0.958 
 35    1314D    (0)   193 :  0.007 0.013 0.980 
 36    1314E    (0)   193 :  0.159 0.096 0.745 
 37    1319A    (0)   62 :  0.008 0.031 0.961 
 38    1319B    (0)   62 :  0.020 0.211 0.769 
 39    1600A    (0)   29 :  0.014 0.054 0.932 
 40    1600B    (0)   29 :  0.008 0.015 0.977 
 41    1600C    (0)   29 :  0.035 0.068 0.898 
 42    1630A    (0)   193 :  0.099 0.183 0.718 
 43    1630B    (0)   193 :  0.228 0.375 0.398 
 44    1630C    (0)   193 :  0.814 0.159 0.027 
 45    1711A    (0)   286 :  0.068 0.113 0.820 
 46    1711B    (0)   286 :  0.007 0.020 0.973 
 47    1711C    (0)   286 :  0.793 0.190 0.017 
 48    1711D    (0)   286 :  0.489 0.193 0.318 
 49    1711E    (0)   286 :  0.154 0.829 0.017 
 50    1715B    (0)   205 :  0.008 0.017 0.975 
 51    1715C    (0)   205 :  0.008 0.120 0.872 
 52    1715D    (0)   205 :  0.009 0.015 0.977 
 53    1715E    (0)   205 :  0.014 0.040 0.947 
 54    1726A    (0)   205 :  0.014 0.034 0.953 
 55    1726B    (0)   205 :  0.114 0.795 0.091 
 56    1783A    (0)   205 :  0.979 0.012 0.009 
 57    1783B    (0)   205 :  0.011 0.050 0.940 
 58    1783C    (0)   205 :  0.010 0.028 0.962 
 59    1783D    (0)   205 :  0.011 0.013 0.976 
 60    1783E    (0)   205 :  0.007 0.015 0.979 
 61    2008C    (0)   62 :  0.006 0.015 0.979 
 62    2008D    (0)   62 :  0.008 0.028 0.964 
 63    2008E    (0)   62 :  0.079 0.023 0.899 
 64    2008F    (0)   62 :  0.610 0.365 0.025 
 65    2008G    (0)   62 :  0.035 0.597 0.367 
 66    2008H    (0)   62 :  0.007 0.039 0.954 
 67    2033A    (0)   328 :  0.374 0.017 0.609 
 68    2159A    (0)   328 :  0.009 0.126 0.865 
 69    2159B    (0)   328 :  0.007 0.020 0.973 
 70    2159C    (0)   328 :  0.011 0.052 0.938 
 71    2159E    (0)   328 :  0.005 0.013 0.981 
 72    2341B    (0)   62 :  0.011 0.792 0.197 
 73    2341C    (0)   62 :  0.011 0.032 0.957 
 74    2351A    (0)   62 :  0.008 0.108 0.884 
 75    2366A    (0)   122 :  0.951 0.015 0.034 
 76    2366B    (0)   122 :  0.976 0.013 0.011 
 77    2366C    (0)   122 :  0.009 0.018 0.973 
 78    2366D    (0)   122 :  0.007 0.030 0.963 
 79    2409A    (0)   122 :  0.038 0.813 0.150 
 80    2423C    (0)   205 :  0.014 0.022 0.964 
 81    2423D    (0)   205 :  0.017 0.260 0.722 
 82    2423E    (0)   205 :  0.123 0.842 0.035 
 83    2856A    (0)   22 :  0.344 0.132 0.525 
 84    2856B    (0)   22 :  0.035 0.064 0.901 
 85    2856C    (0)   22 :  0.022 0.272 0.706 
 86    2856E    (0)   22 :  0.013 0.953 0.033 
 87    3026A    (0)   17 :  0.010 0.125 0.865 
 88    3026B    (0)   17 :  0.010 0.844 0.147 
 89    3253A    (0)   205 :  0.010 0.012 0.978 
 90    3280A    (0)   328 :  0.011 0.104 0.885 
 91    3280B    (0)   328 :  0.008 0.097 0.895 
 92    3760C    (0)   122 :  0.656 0.314 0.029 
 93    4249A    (0)   193 :  0.008 0.027 0.965 
 94    4316A    (0)   17 :  0.006 0.592 0.402 
 95    4316B    (0)   17 :  0.007 0.022 0.971 
 96    4316C    (0)   17 :  0.088 0.832 0.080 
 97    4316D    (0)   17 :  0.008 0.931 0.061 
 98    4316E    (0)   17 :  0.008 0.954 0.038 
 99    5597A    (0)   22 :  0.048 0.921 0.031 
100    5597B    (0)   22 :  0.009 0.056 0.936 
101    5597C    (0)   22 :  0.007 0.032 0.961 
102    5597D    (0)   22 :  0.642 0.201 0.157 
103    5637A    (0)   205 :  0.013 0.361 0.626 
104    5637C    (0)   205 :  0.181 0.063 0.756 
105    5637D    (0)   205 :  0.548 0.424 0.029 
106    5637E    (0)   205 :  0.546 0.433 0.022 
107    5912A    (0)   286 :  0.009 0.025 0.966 
108    5912B    (0)   286 :  0.008 0.013 0.979 
109    5912C    (0)   286 :  0.457 0.009 0.533 
110    5912D    (0)   286 :  0.887 0.051 0.061 
111    5954B    (0)   286 :  0.985 0.007 0.009 
112    5954C    (0)   286 :  0.934 0.053 0.013 
113    5954D    (0)   286 :  0.935 0.052 0.013 
114    5954E    (0)   286 :  0.985 0.007 0.008 
115    6136A    (0)   29 :  0.014 0.060 0.927 
116    6136B    (0)   29 :  0.016 0.951 0.033 
117    6136C    (0)   29 :  0.348 0.174 0.477 
118    6337A    (0)   328 :  0.043 0.377 0.580 
119    6337B    (0)   328 :  0.007 0.012 0.981 
120    6337C    (0)   328 :  0.009 0.037 0.954 
121    6337D    (0)   328 :  0.090 0.799 0.111 
122    6337E    (0)   328 :  0.015 0.923 0.062 
123    6382C    (0)   122 :  0.008 0.019 0.973 
124    6382E    (0)   122 :  0.011 0.019 0.969 
125    6382F    (0)   122 :  0.891 0.066 0.043 
126    6382G    (0)   122 :  0.017 0.911 0.072 
127    6514C    (0)   62 :  0.036 0.040 0.925 
128    6514E    (0)   62 :  0.024 0.019 0.957 
129    6514F    (0)   62 :  0.009 0.027 0.965 
130    6514G    (0)   62 :  0.649 0.014 0.337 
131    6514H    (0)   62 :  0.030 0.940 0.030 
132    6546B    (0)   328 :  0.366 0.156 0.478 
133    6546C    (0)   328 :  0.201 0.727 0.071 
134    6706A    (0)   193 :  0.508 0.208 0.283 
135    6706B    (0)   193 :  0.696 0.089 0.215 
136    6723B    (0)   22 :  0.984 0.009 0.007 


Estimated Allele Frequencies in each cluster
First column gives estimated ancestral frequencies


Locus 1 : 
9 alleles
0.0% missing data
 148   (0.561) 0.568 0.744 0.722 
 146   (0.146) 0.089 0.117 0.154 
 147   (0.105) 0.081 0.056 0.091 
   0   (0.037) 0.184 0.014 0.004 
 142   (0.037) 0.003 0.021 0.014 
 137   (0.027) 0.002 0.004 0.008 
 161   (0.034) 0.029 0.025 0.003 
 172   (0.025) 0.002 0.016 0.002 
 151   (0.028) 0.041 0.004 0.002 

Locus 2 : 
17 alleles
0.0% missing data
 197   (0.195) 0.120 0.336 0.350 
 205   (0.087) 0.113 0.039 0.128 
 199   (0.084) 0.116 0.072 0.057 
 201   (0.136) 0.161 0.193 0.152 
 203   (0.067) 0.015 0.113 0.047 
 213   (0.040) 0.005 0.008 0.055 
 227   (0.042) 0.011 0.072 0.011 
 221   (0.042) 0.005 0.016 0.028 
 211   (0.062) 0.007 0.080 0.053 
 215   (0.023) 0.002 0.003 0.025 
   0   (0.028) 0.317 0.007 0.003 
 217   (0.034) 0.004 0.012 0.035 
 191   (0.042) 0.021 0.015 0.023 
 193   (0.049) 0.085 0.008 0.021 
 219   (0.021) 0.002 0.004 0.007 
 241   (0.024) 0.013 0.008 0.002 
 207   (0.025) 0.003 0.014 0.003 

Locus 3 : 
10 alleles
0.0% missing data
 201   (0.221) 0.042 0.231 0.324 
 207   (0.277) 0.130 0.298 0.348 
 204   (0.204) 0.040 0.288 0.204 
   0   (0.039) 0.684 0.011 0.004 
 210   (0.115) 0.031 0.104 0.090 
 219   (0.029) 0.017 0.019 0.003 
 198   (0.029) 0.002 0.004 0.014 
 213   (0.030) 0.007 0.026 0.003 
 216   (0.027) 0.043 0.004 0.002 
 189   (0.029) 0.004 0.015 0.009 

Locus 4 : 
13 alleles
0.0% missing data
 138   (0.108) 0.036 0.166 0.111 
 140   (0.132) 0.026 0.187 0.225 
 132   (0.132) 0.228 0.085 0.163 
 154   (0.024) 0.002 0.004 0.008 
 142   (0.122) 0.093 0.141 0.131 
 134   (0.062) 0.143 0.021 0.030 
 128   (0.052) 0.053 0.053 0.015 
   0   (0.102) 0.356 0.188 0.035 
 136   (0.094) 0.024 0.079 0.131 
 144   (0.062) 0.010 0.053 0.053 
 146   (0.029) 0.003 0.005 0.020 
 152   (0.032) 0.008 0.007 0.024 
 130   (0.049) 0.019 0.013 0.056 

Locus 5 : 
10 alleles
0.0% missing data
 257   (0.302) 0.225 0.197 0.491 
 271   (0.051) 0.015 0.010 0.053 
 259   (0.277) 0.163 0.306 0.335 
   0   (0.092) 0.528 0.219 0.013 
 261   (0.082) 0.017 0.159 0.029 
 263   (0.030) 0.004 0.028 0.003 
 269   (0.037) 0.012 0.005 0.024 
 273   (0.079) 0.033 0.067 0.037 
 265   (0.025) 0.002 0.004 0.008 
 267   (0.026) 0.002 0.004 0.008 

Locus 6 : 
16 alleles
0.0% missing data
 147   (0.139) 0.209 0.222 0.189 
 141   (0.107) 0.056 0.175 0.130 
 149   (0.099) 0.097 0.104 0.103 
 159   (0.062) 0.007 0.119 0.052 
 137   (0.081) 0.025 0.098 0.102 
 139   (0.035) 0.005 0.011 0.035 
 161   (0.072) 0.047 0.075 0.051 
 151   (0.064) 0.079 0.020 0.090 
 153   (0.077) 0.086 0.049 0.071 
 165   (0.053) 0.018 0.055 0.036 
 145   (0.050) 0.052 0.014 0.069 
 135   (0.020) 0.018 0.005 0.002 
 157   (0.042) 0.004 0.029 0.034 
   0   (0.025) 0.193 0.005 0.003 
 143   (0.043) 0.091 0.009 0.023 
 155   (0.031) 0.013 0.012 0.008 

Locus 7 : 
5 alleles
0.0% missing data
 138   (0.674) 0.681 0.798 0.799 
 144   (0.098) 0.047 0.080 0.053 
 132   (0.159) 0.164 0.106 0.134 
   0   (0.042) 0.087 0.011 0.011 
 135   (0.027) 0.021 0.004 0.002 

Locus 8 : 
13 alleles
0.0% missing data
 276   (0.058) 0.008 0.032 0.058 
 286   (0.099) 0.011 0.069 0.155 
 278   (0.162) 0.032 0.180 0.251 
 270   (0.036) 0.003 0.048 0.007 
 280   (0.172) 0.037 0.249 0.231 
 266   (0.048) 0.004 0.021 0.045 
   0   (0.080) 0.843 0.087 0.022 
 282   (0.131) 0.030 0.137 0.147 
 274   (0.038) 0.003 0.023 0.013 
 290   (0.044) 0.007 0.072 0.009 
 284   (0.048) 0.017 0.016 0.025 
 288   (0.055) 0.005 0.061 0.022 
 272   (0.029) 0.002 0.005 0.014 

Locus 9 : 
16 alleles
0.0% missing data
 146   (0.284) 0.418 0.453 0.490 
 178   (0.045) 0.014 0.012 0.027 
 170   (0.064) 0.043 0.062 0.028 
 166   (0.061) 0.022 0.022 0.082 
 172   (0.059) 0.007 0.066 0.048 
 168   (0.077) 0.018 0.147 0.062 
 162   (0.027) 0.005 0.005 0.013 
 148   (0.075) 0.217 0.040 0.057 
 160   (0.062) 0.013 0.040 0.094 
 174   (0.035) 0.003 0.014 0.028 
 158   (0.042) 0.005 0.053 0.016 
   0   (0.042) 0.147 0.036 0.005 
 154   (0.058) 0.060 0.028 0.026 
 164   (0.020) 0.002 0.004 0.007 
 180   (0.021) 0.013 0.008 0.002 
 142   (0.028) 0.013 0.008 0.015 

Locus 10 : 
8 alleles
0.0% missing data
 158   (0.674) 0.642 0.751 0.863 
 160   (0.120) 0.017 0.127 0.110 
 154   (0.041) 0.003 0.033 0.008 
 156   (0.030) 0.058 0.005 0.003 
 152   (0.040) 0.022 0.042 0.004 
   0   (0.040) 0.253 0.013 0.005 
 144   (0.027) 0.003 0.014 0.003 
 162   (0.027) 0.002 0.015 0.003 

Locus 11 : 
15 alleles
0.0% missing data
 214   (0.122) 0.055 0.065 0.140 
 220   (0.103) 0.009 0.049 0.171 
 210   (0.071) 0.008 0.026 0.105 
 218   (0.174) 0.014 0.186 0.350 
 192   (0.022) 0.002 0.016 0.002 
 194   (0.025) 0.002 0.016 0.002 
 212   (0.047) 0.011 0.023 0.023 
   0   (0.132) 0.834 0.404 0.021 
 222   (0.087) 0.011 0.099 0.079 
 224   (0.036) 0.008 0.015 0.009 
 216   (0.068) 0.017 0.020 0.080 
 200   (0.027) 0.012 0.009 0.003 
 204   (0.026) 0.012 0.009 0.003 
 188   (0.035) 0.003 0.057 0.003 
 208   (0.025) 0.002 0.004 0.008 

Locus 12 : 
18 alleles
0.0% missing data
 144   (0.044) 0.053 0.007 0.025 
 162   (0.038) 0.016 0.007 0.040 
 170   (0.032) 0.003 0.006 0.043 
   0   (0.078) 0.182 0.509 0.014 
 148   (0.087) 0.095 0.048 0.088 
 142   (0.082) 0.051 0.037 0.105 
 154   (0.037) 0.008 0.010 0.041 
 146   (0.219) 0.375 0.225 0.387 
 164   (0.037) 0.003 0.006 0.056 
 168   (0.038) 0.004 0.015 0.022 
 156   (0.066) 0.015 0.062 0.066 
 172   (0.048) 0.026 0.015 0.029 
 166   (0.053) 0.016 0.019 0.055 
 158   (0.036) 0.055 0.010 0.010 
 150   (0.024) 0.011 0.006 0.004 
 174   (0.024) 0.015 0.008 0.002 
 182   (0.021) 0.002 0.003 0.008 
 160   (0.036) 0.070 0.006 0.008 

Locus 13 : 
16 alleles
0.0% missing data
 285   (0.220) 0.099 0.111 0.330 
 291   (0.097) 0.018 0.048 0.141 
 289   (0.076) 0.008 0.014 0.232 
   0   (0.125) 0.703 0.619 0.016 
 277   (0.038) 0.005 0.007 0.031 
 273   (0.065) 0.007 0.023 0.075 
 293   (0.053) 0.005 0.090 0.013 
 287   (0.063) 0.028 0.014 0.043 
 295   (0.043) 0.004 0.008 0.049 
 301   (0.030) 0.004 0.007 0.007 
 303   (0.030) 0.019 0.011 0.012 
 279   (0.038) 0.004 0.019 0.014 
 181   (0.024) 0.002 0.007 0.006 
 283   (0.036) 0.080 0.008 0.003 
 281   (0.024) 0.002 0.004 0.008 
 297   (0.037) 0.011 0.010 0.022 

Values of parameters used in structure:
DATAFILE=bws18_structure.txt,	OUTFILE=bws18_structurek3_results,	NUMINDS=136,	NUMLOCI=13,	MISSING=-9,	LABEL=1,	POPDATA=1,	POPFLAG=0,	PHENOTYPE=0,	EXTRACOLS=0,	MAXPOPS=3,	BURNIN=10000,	NUMREPS=20000,	USEPOPINFO=0,	INFERALPHA=1,	INFERLAMBDA=0,	POPSPECIFICLAMBDA=0,	POPALPHAS=0,	COMPUTEPROB=1,	NOADMIX=0,	ADMBURNIN=500,	UPDATEFREQ=100,	PRINTLIKES=0,	INTERMEDSAVE=0,	PRINTKLD=0,	PRINTNET=1,	PRINTLAMBDA=1,	ANCESTDIST=0,	NUMBOXES=1000,	ANCESTPINT=0.90000,	GENSBACK=2,	MIGRPRIOR=0.01000,	PRINTQHAT=0,	PRINTQSUM=1,	ALPHA=1.0000,	FREQSCORR=1,	FPRIORMEAN=0.0100,	FPRIORSD=0.0500,	ONEFST=0,	LAMBDA=1.0000,	UNIFPRIORALPHA=1,	ALPHAMAX=10.0000,	ALPHAPRIORA=1.0000,	ALPHAPRIORB=2.0000,	ALPHAPROPSD=0.0250,	STARTATPOPINFO=0,	RANDOMIZE=1,	LINKAGE=0,	METROFREQ=10,	REPORTHITRATE=0,	MARKOVPHASE=0,	PHASED=0,	PLOIDY=2,	PHASEINFO=0	LOCPRIOR=0, 	LOCPRIORINIT=1.000000, 	LOCDATA=0, 	LOCISPOP=1, 	LOCPRIORSTEP=0.100000, 	MAXLOCPRIOR=20.000000, 	SEED=1682095890,	
[STRAT parameters]:    NUMSIMSTATS=1000,	PHENOTYPECOL=-9,	POOLFREQ=10,	LOCUSxONLY=0,	EMERROR=0.00100,	MISSINGPHENO=-9,	