

----------------------------------------------------
STRUCTURE by Pritchard, Stephens and Donnelly (2000)
     and Falush, Stephens and Pritchard (2003)
       Code by Pritchard, Falush and Hubisz
             Version 2.3.4 (Jul 2012)
----------------------------------------------------



Command line arguments:   ./structure -m mainparams_bws18_k8 
Input File:    bws18_structure.txt

Run parameters:
   136 individuals
   13 loci
   8 populations assumed
   10000 Burn-in period
   20000 Reps


--------------------------------------------
Proportion of membership of each pre-defined
 population in each of the 8 clusters

Given    Inferred Clusters                                          Number of
 Pop       1      2      3      4      5      6      7      8      Individuals

 17:     0.173  0.216  0.109  0.144  0.184  0.014  0.146  0.015       18
 22:     0.095  0.130  0.096  0.154  0.146  0.172  0.164  0.043       11
 29:     0.208  0.143  0.109  0.196  0.147  0.027  0.128  0.043       13
 62:     0.155  0.131  0.100  0.204  0.111  0.066  0.197  0.037       20
122:     0.081  0.092  0.160  0.115  0.070  0.199  0.270  0.012       14
193:     0.103  0.113  0.118  0.138  0.119  0.121  0.124  0.165       14
205:     0.120  0.117  0.096  0.242  0.091  0.122  0.187  0.026       19
286:     0.160  0.035  0.046  0.111  0.076  0.286  0.070  0.216       13
328:     0.231  0.121  0.109  0.171  0.107  0.021  0.168  0.072       14
--------------------------------------------

Allele-freq. divergence among pops (Net nucleotide distance),
computed using point estimates of P.

      1       2       3       4       5       6       7       8      
 1      -    0.0294  0.0169  0.0088  0.0602  0.2091  0.0176  0.1475  
 2   0.0294     -    0.0247  0.0293  0.0100  0.1457  0.0325  0.1066  
 3   0.0169  0.0247     -    0.0108  0.0473  0.1822  0.0095  0.1149  
 4   0.0088  0.0293  0.0108     -    0.0553  0.2052  0.0074  0.1407  
 5   0.0602  0.0100  0.0473  0.0553     -    0.1269  0.0586  0.1012  
 6   0.2091  0.1457  0.1822  0.2052  0.1269     -    0.2050  0.1297  
 7   0.0176  0.0325  0.0095  0.0074  0.0586  0.2050     -    0.1373  
 8   0.1475  0.1066  0.1149  0.1407  0.1012  0.1297  0.1373     -    

Average distances (expected heterozygosity) between individuals in same cluster:
cluster  1  : 0.6833 
cluster  2  : 0.6879 
cluster  3  : 0.7599 
cluster  4  : 0.6902 
cluster  5  : 0.6578 
cluster  6  : 0.4616 
cluster  7  : 0.7030 
cluster  8  : 0.6378 

--------------------------------------------
Estimated Ln Prob of Data   = -5877.4
Mean value of ln likelihood = -5282.9
Variance of ln likelihood   = 1189.1
Mean value of alpha         = 0.0548

Mean value of Fst_1         = 0.0962
Mean value of Fst_2         = 0.1475
Mean value of Fst_3         = 0.0459
Mean value of Fst_4         = 0.0803
Mean value of Fst_5         = 0.1691
Mean value of Fst_6         = 0.4072
Mean value of Fst_7         = 0.0740
Mean value of Fst_8         = 0.3086


Inferred ancestry of individuals:
        Label (%Miss) Pop:  Inferred clusters
  1    0079C    (0)   17 :  0.030 0.011 0.216 0.091 0.012 0.005 0.628 0.006 
  2    0079D    (0)   17 :  0.205 0.048 0.058 0.295 0.019 0.004 0.365 0.006 
  3    0079E    (0)   17 :  0.041 0.415 0.051 0.037 0.417 0.017 0.016 0.007 
  4    0079G    (0)   17 :  0.236 0.051 0.086 0.393 0.016 0.005 0.200 0.013 
  5    0082A    (0)   17 :  0.297 0.121 0.356 0.104 0.021 0.004 0.090 0.006 
  6    0082B    (0)   17 :  0.693 0.011 0.013 0.232 0.009 0.006 0.020 0.016 
  7    0082C    (0)   17 :  0.046 0.251 0.057 0.086 0.337 0.077 0.028 0.118 
  8    0082D    (0)   17 :  0.012 0.321 0.019 0.012 0.609 0.005 0.010 0.011 
  9    0121B    (0)   22 :  0.060 0.203 0.046 0.058 0.086 0.451 0.035 0.060 
 10    0121C    (0)   22 :  0.020 0.014 0.086 0.485 0.035 0.005 0.349 0.006 
 11    0147A    (0)   29 :  0.005 0.285 0.007 0.007 0.476 0.209 0.005 0.006 
 12    0147B    (0)   29 :  0.035 0.117 0.047 0.412 0.114 0.022 0.216 0.038 
 13    0147D    (0)   29 :  0.017 0.233 0.015 0.015 0.594 0.037 0.009 0.080 
 14    0167A    (0)   17 :  0.216 0.027 0.061 0.279 0.011 0.004 0.393 0.009 
 15    0167B    (0)   17 :  0.182 0.537 0.098 0.051 0.088 0.004 0.035 0.007 
 16    0167C    (0)   17 :  0.538 0.021 0.158 0.207 0.015 0.004 0.051 0.005 
 17    0309A    (0)   62 :  0.325 0.042 0.047 0.313 0.073 0.004 0.189 0.005 
 18    0309C    (0)   62 :  0.059 0.015 0.058 0.150 0.012 0.004 0.696 0.005 
 19    0309D    (0)   62 :  0.044 0.160 0.011 0.024 0.344 0.392 0.015 0.009 
 20    0309E    (0)   62 :  0.017 0.312 0.012 0.032 0.574 0.008 0.037 0.007 
 21    0625A    (0)   122 :  0.197 0.374 0.113 0.131 0.136 0.009 0.023 0.017 
 22    0625B    (0)   122 :  0.184 0.311 0.118 0.158 0.067 0.004 0.152 0.005 
 23    0625C    (0)   122 :  0.071 0.013 0.049 0.108 0.011 0.004 0.739 0.006 
 24    0625D    (0)   122 :  0.020 0.010 0.018 0.197 0.008 0.004 0.737 0.006 
 25    1029C    (0)   193 :  0.016 0.256 0.032 0.117 0.454 0.054 0.038 0.032 
 26    1029D    (0)   193 :  0.015 0.314 0.018 0.019 0.415 0.049 0.013 0.157 
 27    1029G    (0)   193 :  0.058 0.049 0.020 0.022 0.030 0.619 0.009 0.193 
 28    1187B    (0)   29 :  0.395 0.018 0.074 0.301 0.025 0.004 0.174 0.010 
 29    1187C    (0)   29 :  0.119 0.060 0.066 0.474 0.094 0.003 0.176 0.007 
 30    1187D    (0)   29 :  0.067 0.269 0.047 0.059 0.398 0.006 0.137 0.017 
 31    1187E    (0)   29 :  0.689 0.034 0.021 0.195 0.008 0.006 0.043 0.004 
 32    1314A    (0)   193 :  0.169 0.174 0.125 0.102 0.083 0.156 0.179 0.012 
 33    1314B    (0)   193 :  0.074 0.051 0.624 0.066 0.050 0.013 0.103 0.020 
 34    1314C    (0)   193 :  0.361 0.207 0.046 0.218 0.033 0.004 0.120 0.010 
 35    1314D    (0)   193 :  0.200 0.019 0.095 0.509 0.032 0.004 0.133 0.008 
 36    1314E    (0)   193 :  0.259 0.096 0.180 0.104 0.065 0.095 0.179 0.022 
 37    1319A    (0)   62 :  0.546 0.053 0.031 0.266 0.023 0.004 0.070 0.006 
 38    1319B    (0)   62 :  0.358 0.244 0.035 0.217 0.079 0.013 0.047 0.008 
 39    1600A    (0)   29 :  0.416 0.267 0.098 0.158 0.019 0.005 0.032 0.005 
 40    1600B    (0)   29 :  0.188 0.056 0.159 0.307 0.013 0.004 0.268 0.005 
 41    1600C    (0)   29 :  0.058 0.034 0.175 0.374 0.050 0.032 0.272 0.005 
 42    1630A    (0)   193 :  0.035 0.047 0.109 0.355 0.123 0.027 0.242 0.062 
 43    1630B    (0)   193 :  0.044 0.156 0.049 0.150 0.184 0.008 0.127 0.282 
 44    1630C    (0)   193 :  0.024 0.066 0.027 0.032 0.117 0.606 0.017 0.111 
 45    1711A    (0)   286 :  0.621 0.022 0.016 0.235 0.039 0.030 0.013 0.025 
 46    1711B    (0)   286 :  0.714 0.010 0.018 0.221 0.008 0.004 0.019 0.006 
 47    1711C    (0)   286 :  0.007 0.069 0.020 0.008 0.129 0.631 0.012 0.124 
 48    1711D    (0)   286 :  0.057 0.051 0.168 0.108 0.093 0.012 0.055 0.455 
 49    1711E    (0)   286 :  0.008 0.181 0.014 0.009 0.598 0.010 0.008 0.171 
 50    1715B    (0)   205 :  0.064 0.015 0.124 0.518 0.054 0.004 0.213 0.008 
 51    1715C    (0)   205 :  0.054 0.032 0.470 0.221 0.038 0.004 0.174 0.007 
 52    1715D    (0)   205 :  0.434 0.185 0.020 0.265 0.006 0.004 0.079 0.007 
 53    1715E    (0)   205 :  0.089 0.093 0.204 0.300 0.045 0.005 0.246 0.018 
 54    1726A    (0)   205 :  0.059 0.023 0.063 0.544 0.072 0.008 0.222 0.009 
 55    1726B    (0)   205 :  0.035 0.310 0.022 0.020 0.451 0.041 0.047 0.073 
 56    1783A    (0)   205 :  0.004 0.005 0.005 0.006 0.006 0.964 0.005 0.006 
 57    1783B    (0)   205 :  0.321 0.027 0.044 0.455 0.053 0.004 0.078 0.017 
 58    1783C    (0)   205 :  0.096 0.047 0.116 0.423 0.052 0.007 0.254 0.004 
 59    1783D    (0)   205 :  0.011 0.008 0.054 0.589 0.058 0.007 0.269 0.004 
 60    1783E    (0)   205 :  0.052 0.011 0.262 0.039 0.008 0.004 0.615 0.008 
 61    2008C    (0)   62 :  0.090 0.017 0.167 0.428 0.043 0.003 0.247 0.005 
 62    2008D    (0)   62 :  0.173 0.104 0.101 0.289 0.014 0.004 0.309 0.007 
 63    2008E    (0)   62 :  0.119 0.040 0.215 0.254 0.072 0.020 0.264 0.017 
 64    2008F    (0)   62 :  0.018 0.133 0.011 0.016 0.131 0.632 0.014 0.044 
 65    2008G    (0)   62 :  0.161 0.293 0.096 0.142 0.130 0.015 0.123 0.040 
 66    2008H    (0)   62 :  0.137 0.086 0.148 0.169 0.043 0.004 0.408 0.006 
 67    2033A    (0)   328 :  0.026 0.009 0.682 0.059 0.035 0.018 0.079 0.091 
 68    2159A    (0)   328 :  0.168 0.112 0.033 0.163 0.086 0.005 0.427 0.006 
 69    2159B    (0)   328 :  0.045 0.021 0.033 0.168 0.025 0.004 0.697 0.005 
 70    2159C    (0)   328 :  0.184 0.201 0.084 0.295 0.025 0.007 0.198 0.006 
 71    2159E    (0)   328 :  0.235 0.015 0.068 0.437 0.050 0.004 0.188 0.004 
 72    2341B    (0)   62 :  0.233 0.450 0.059 0.080 0.134 0.008 0.027 0.009 
 73    2341C    (0)   62 :  0.028 0.018 0.344 0.326 0.029 0.005 0.239 0.011 
 74    2351A    (0)   62 :  0.249 0.147 0.260 0.130 0.033 0.003 0.175 0.004 
 75    2366A    (0)   122 :  0.032 0.009 0.023 0.018 0.010 0.869 0.031 0.007 
 76    2366B    (0)   122 :  0.006 0.006 0.005 0.007 0.007 0.953 0.006 0.009 
 77    2366C    (0)   122 :  0.023 0.013 0.317 0.140 0.011 0.004 0.479 0.011 
 78    2366D    (0)   122 :  0.092 0.026 0.285 0.040 0.012 0.004 0.535 0.005 
 79    2409A    (0)   122 :  0.268 0.212 0.020 0.098 0.306 0.039 0.024 0.033 
 80    2423C    (0)   205 :  0.165 0.156 0.048 0.273 0.015 0.005 0.318 0.019 
 81    2423D    (0)   205 :  0.334 0.306 0.014 0.194 0.086 0.014 0.046 0.007 
 82    2423E    (0)   205 :  0.021 0.339 0.065 0.020 0.432 0.079 0.034 0.009 
 83    2856A    (0)   22 :  0.160 0.047 0.068 0.246 0.192 0.170 0.064 0.053 
 84    2856B    (0)   22 :  0.020 0.023 0.350 0.114 0.040 0.023 0.427 0.004 
 85    2856C    (0)   22 :  0.475 0.098 0.052 0.230 0.075 0.022 0.038 0.010 
 86    2856E    (0)   22 :  0.078 0.495 0.019 0.022 0.340 0.021 0.019 0.006 
 87    3026A    (0)   17 :  0.048 0.032 0.357 0.408 0.054 0.004 0.088 0.009 
 88    3026B    (0)   17 :  0.118 0.403 0.117 0.055 0.249 0.007 0.042 0.007 
 89    3253A    (0)   205 :  0.056 0.013 0.056 0.244 0.012 0.008 0.606 0.005 
 90    3280A    (0)   328 :  0.238 0.166 0.198 0.243 0.064 0.004 0.069 0.017 
 91    3280B    (0)   328 :  0.276 0.226 0.080 0.120 0.026 0.004 0.260 0.008 
 92    3760C    (0)   122 :  0.004 0.004 0.805 0.004 0.003 0.150 0.006 0.023 
 93    4249A    (0)   193 :  0.075 0.055 0.274 0.102 0.013 0.005 0.471 0.005 
 94    4316A    (0)   17 :  0.039 0.283 0.064 0.041 0.308 0.004 0.255 0.005 
 95    4316B    (0)   17 :  0.239 0.115 0.084 0.214 0.022 0.004 0.312 0.010 
 96    4316C    (0)   17 :  0.072 0.387 0.132 0.026 0.223 0.082 0.051 0.026 
 97    4316D    (0)   17 :  0.071 0.324 0.014 0.044 0.519 0.006 0.015 0.008 
 98    4316E    (0)   17 :  0.021 0.525 0.022 0.017 0.381 0.005 0.024 0.007 
 99    5597A    (0)   22 :  0.011 0.315 0.013 0.021 0.559 0.010 0.027 0.044 
100    5597B    (0)   22 :  0.063 0.038 0.166 0.261 0.055 0.004 0.405 0.007 
101    5597C    (0)   22 :  0.115 0.041 0.219 0.171 0.047 0.003 0.387 0.016 
102    5597D    (0)   22 :  0.037 0.154 0.030 0.082 0.166 0.224 0.050 0.256 
103    5637A    (0)   205 :  0.329 0.363 0.087 0.120 0.039 0.009 0.049 0.006 
104    5637C    (0)   205 :  0.067 0.027 0.124 0.323 0.079 0.112 0.245 0.023 
105    5637D    (0)   205 :  0.047 0.149 0.026 0.027 0.093 0.466 0.020 0.172 
106    5637E    (0)   205 :  0.033 0.105 0.019 0.015 0.122 0.580 0.031 0.095 
107    5912A    (0)   286 :  0.317 0.040 0.121 0.145 0.016 0.004 0.339 0.017 
108    5912B    (0)   286 :  0.104 0.013 0.040 0.548 0.054 0.004 0.228 0.007 
109    5912C    (0)   286 :  0.208 0.008 0.110 0.103 0.006 0.380 0.165 0.020 
110    5912D    (0)   286 :  0.025 0.030 0.028 0.043 0.015 0.781 0.041 0.035 
111    5954B    (0)   286 :  0.006 0.005 0.052 0.005 0.004 0.831 0.009 0.089 
112    5954C    (0)   286 :  0.007 0.010 0.005 0.007 0.014 0.936 0.008 0.013 
113    5954D    (0)   286 :  0.003 0.005 0.004 0.005 0.008 0.024 0.004 0.947 
114    5954E    (0)   286 :  0.003 0.004 0.005 0.004 0.006 0.071 0.005 0.903 
115    6136A    (0)   29 :  0.598 0.082 0.047 0.162 0.022 0.005 0.057 0.026 
116    6136B    (0)   29 :  0.077 0.372 0.410 0.027 0.082 0.009 0.018 0.005 
117    6136C    (0)   29 :  0.034 0.030 0.246 0.054 0.021 0.007 0.261 0.346 
118    6337A    (0)   328 :  0.524 0.049 0.029 0.206 0.069 0.032 0.084 0.007 
119    6337B    (0)   328 :  0.643 0.017 0.018 0.270 0.010 0.004 0.033 0.006 
120    6337C    (0)   328 :  0.661 0.026 0.028 0.229 0.015 0.005 0.029 0.007 
121    6337D    (0)   328 :  0.014 0.273 0.040 0.099 0.384 0.043 0.069 0.078 
122    6337E    (0)   328 :  0.049 0.370 0.166 0.043 0.201 0.011 0.114 0.046 
123    6382C    (0)   122 :  0.132 0.018 0.100 0.481 0.016 0.004 0.240 0.008 
124    6382E    (0)   122 :  0.052 0.033 0.062 0.116 0.010 0.005 0.713 0.009 
125    6382F    (0)   122 :  0.026 0.043 0.106 0.013 0.014 0.725 0.068 0.006 
126    6382G    (0)   122 :  0.030 0.213 0.215 0.095 0.374 0.015 0.031 0.026 
127    6514C    (0)   62 :  0.249 0.019 0.110 0.477 0.034 0.006 0.077 0.029 
128    6514E    (0)   62 :  0.147 0.016 0.084 0.495 0.050 0.010 0.181 0.018 
129    6514F    (0)   62 :  0.088 0.055 0.109 0.068 0.030 0.004 0.642 0.005 
130    6514G    (0)   62 :  0.017 0.007 0.065 0.170 0.021 0.142 0.104 0.474 
131    6514H    (0)   62 :  0.037 0.414 0.037 0.024 0.348 0.045 0.074 0.022 
132    6546B    (0)   328 :  0.127 0.033 0.051 0.037 0.017 0.006 0.071 0.658 
133    6546C    (0)   328 :  0.040 0.180 0.016 0.027 0.496 0.144 0.032 0.066 
134    6706A    (0)   193 :  0.084 0.051 0.029 0.086 0.036 0.029 0.076 0.608 
135    6706B    (0)   193 :  0.028 0.037 0.027 0.043 0.025 0.020 0.036 0.784 
136    6723B    (0)   22 :  0.004 0.005 0.006 0.005 0.005 0.962 0.005 0.008 


Estimated Allele Frequencies in each cluster
First column gives estimated ancestral frequencies


Locus 1 : 
9 alleles
0.0% missing data
 148   (0.629) 0.671 0.744 0.649 0.715 0.810 0.567 0.719 0.662 
 146   (0.146) 0.225 0.124 0.129 0.168 0.100 0.046 0.116 0.134 
 147   (0.094) 0.072 0.077 0.088 0.070 0.031 0.076 0.122 0.066 
   0   (0.023) 0.005 0.010 0.013 0.005 0.014 0.302 0.006 0.004 
 142   (0.027) 0.007 0.010 0.036 0.019 0.012 0.001 0.011 0.004 
 137   (0.017) 0.007 0.004 0.010 0.008 0.003 0.001 0.009 0.003 
 161   (0.029) 0.006 0.013 0.057 0.007 0.015 0.005 0.008 0.006 
 172   (0.018) 0.004 0.015 0.009 0.004 0.012 0.001 0.005 0.003 
 151   (0.016) 0.003 0.003 0.008 0.003 0.003 0.001 0.004 0.117 

Locus 2 : 
17 alleles
0.0% missing data
 197   (0.252) 0.342 0.342 0.262 0.313 0.392 0.141 0.383 0.081 
 205   (0.103) 0.120 0.057 0.099 0.137 0.047 0.036 0.114 0.211 
 199   (0.057) 0.050 0.045 0.042 0.078 0.087 0.005 0.042 0.339 
 201   (0.166) 0.116 0.202 0.222 0.116 0.172 0.101 0.194 0.254 
 203   (0.063) 0.087 0.109 0.071 0.037 0.054 0.024 0.046 0.014 
 213   (0.048) 0.062 0.012 0.053 0.050 0.014 0.003 0.043 0.011 
 227   (0.030) 0.011 0.071 0.023 0.013 0.084 0.003 0.017 0.018 
 221   (0.030) 0.011 0.013 0.020 0.037 0.017 0.002 0.036 0.006 
 211   (0.063) 0.044 0.088 0.051 0.069 0.074 0.004 0.043 0.014 
 215   (0.023) 0.058 0.004 0.014 0.021 0.003 0.001 0.008 0.003 
   0   (0.015) 0.003 0.003 0.008 0.003 0.003 0.544 0.004 0.002 
 217   (0.036) 0.056 0.016 0.023 0.040 0.017 0.002 0.016 0.006 
 191   (0.036) 0.013 0.012 0.032 0.039 0.014 0.008 0.019 0.028 
 193   (0.032) 0.010 0.006 0.032 0.034 0.007 0.121 0.018 0.005 
 219   (0.014) 0.008 0.006 0.008 0.005 0.003 0.001 0.008 0.002 
 241   (0.020) 0.004 0.003 0.029 0.004 0.003 0.002 0.005 0.003 
 207   (0.013) 0.004 0.011 0.010 0.003 0.007 0.002 0.004 0.003 

Locus 3 : 
10 alleles
0.0% missing data
 201   (0.246) 0.205 0.258 0.246 0.360 0.299 0.017 0.345 0.078 
 207   (0.315) 0.278 0.333 0.316 0.352 0.282 0.055 0.384 0.278 
 204   (0.212) 0.331 0.261 0.269 0.168 0.251 0.014 0.129 0.145 
   0   (0.030) 0.007 0.006 0.031 0.007 0.006 0.838 0.007 0.366 
 210   (0.103) 0.127 0.102 0.077 0.079 0.084 0.011 0.096 0.080 
 219   (0.020) 0.006 0.017 0.011 0.005 0.029 0.014 0.005 0.003 
 198   (0.025) 0.013 0.004 0.018 0.011 0.004 0.001 0.020 0.004 
 213   (0.018) 0.004 0.012 0.009 0.004 0.038 0.001 0.004 0.021 
 216   (0.015) 0.003 0.003 0.014 0.003 0.002 0.048 0.004 0.023 
 189   (0.015) 0.027 0.004 0.008 0.011 0.005 0.001 0.006 0.002 

Locus 4 : 
13 alleles
0.0% missing data
 138   (0.116) 0.104 0.167 0.170 0.114 0.158 0.009 0.093 0.029 
 140   (0.178) 0.271 0.180 0.208 0.173 0.155 0.031 0.247 0.038 
 132   (0.147) 0.127 0.086 0.148 0.178 0.080 0.257 0.195 0.160 
 154   (0.017) 0.009 0.003 0.010 0.011 0.003 0.001 0.007 0.003 
 142   (0.131) 0.214 0.155 0.117 0.130 0.145 0.069 0.074 0.095 
 134   (0.048) 0.044 0.019 0.028 0.033 0.024 0.008 0.022 0.404 
 128   (0.036) 0.019 0.052 0.028 0.022 0.065 0.034 0.012 0.046 
   0   (0.061) 0.034 0.143 0.057 0.035 0.223 0.573 0.042 0.024 
 136   (0.104) 0.067 0.080 0.104 0.170 0.086 0.007 0.130 0.074 
 144   (0.058) 0.046 0.080 0.047 0.035 0.031 0.003 0.063 0.055 
 146   (0.027) 0.025 0.007 0.016 0.015 0.005 0.002 0.025 0.005 
 152   (0.031) 0.012 0.007 0.017 0.023 0.006 0.002 0.039 0.028 
 130   (0.044) 0.029 0.021 0.051 0.060 0.020 0.003 0.051 0.038 

Locus 5 : 
10 alleles
0.0% missing data
 257   (0.364) 0.501 0.303 0.318 0.486 0.176 0.224 0.480 0.263 
 271   (0.053) 0.044 0.011 0.045 0.040 0.010 0.003 0.059 0.091 
 259   (0.322) 0.302 0.316 0.365 0.350 0.327 0.035 0.330 0.356 
   0   (0.061) 0.034 0.147 0.038 0.021 0.237 0.717 0.023 0.244 
 261   (0.057) 0.032 0.152 0.046 0.022 0.176 0.008 0.029 0.014 
 263   (0.017) 0.004 0.024 0.008 0.004 0.039 0.001 0.004 0.003 
 269   (0.028) 0.037 0.005 0.024 0.017 0.004 0.006 0.023 0.005 
 273   (0.061) 0.023 0.034 0.134 0.048 0.025 0.004 0.034 0.020 
 265   (0.018) 0.005 0.003 0.014 0.004 0.003 0.001 0.013 0.003 
 267   (0.020) 0.017 0.004 0.010 0.008 0.003 0.001 0.005 0.003 

Locus 6 : 
16 alleles
0.0% missing data
 147   (0.159) 0.153 0.230 0.157 0.158 0.197 0.322 0.258 0.131 
 141   (0.123) 0.154 0.156 0.113 0.146 0.212 0.035 0.088 0.119 
 149   (0.095) 0.122 0.095 0.068 0.141 0.131 0.131 0.072 0.032 
 159   (0.056) 0.083 0.134 0.044 0.040 0.114 0.006 0.032 0.009 
 137   (0.076) 0.180 0.122 0.074 0.098 0.037 0.021 0.049 0.026 
 139   (0.035) 0.030 0.011 0.030 0.016 0.010 0.002 0.055 0.029 
 161   (0.067) 0.024 0.057 0.055 0.066 0.093 0.004 0.056 0.146 
 151   (0.066) 0.040 0.027 0.069 0.135 0.031 0.040 0.080 0.091 
 153   (0.075) 0.053 0.033 0.101 0.062 0.034 0.120 0.100 0.014 
 165   (0.051) 0.037 0.042 0.039 0.030 0.064 0.005 0.037 0.087 
 145   (0.062) 0.038 0.029 0.095 0.042 0.027 0.038 0.093 0.028 
 135   (0.014) 0.005 0.004 0.008 0.004 0.003 0.015 0.004 0.010 
 157   (0.039) 0.045 0.035 0.034 0.022 0.028 0.002 0.032 0.007 
   0   (0.035) 0.011 0.006 0.059 0.010 0.008 0.100 0.012 0.264 
 143   (0.031) 0.018 0.015 0.021 0.023 0.007 0.157 0.025 0.005 
 155   (0.016) 0.007 0.005 0.034 0.006 0.003 0.002 0.007 0.002 

Locus 7 : 
5 alleles
0.0% missing data
 138   (0.721) 0.837 0.827 0.681 0.796 0.804 0.768 0.764 0.665 
 144   (0.077) 0.052 0.076 0.062 0.058 0.074 0.005 0.038 0.172 
 132   (0.154) 0.099 0.088 0.128 0.133 0.112 0.193 0.181 0.148 
   0   (0.031) 0.009 0.006 0.121 0.010 0.008 0.003 0.012 0.013 
 135   (0.017) 0.004 0.003 0.009 0.004 0.003 0.031 0.004 0.003 

Locus 8 : 
13 alleles
0.0% missing data
 276   (0.053) 0.020 0.028 0.047 0.059 0.026 0.003 0.090 0.019 
 286   (0.125) 0.193 0.104 0.123 0.118 0.045 0.007 0.126 0.074 
 278   (0.201) 0.173 0.158 0.220 0.306 0.234 0.026 0.233 0.058 
 270   (0.026) 0.012 0.051 0.018 0.009 0.030 0.001 0.009 0.004 
 280   (0.196) 0.317 0.270 0.166 0.244 0.203 0.027 0.152 0.116 
 266   (0.037) 0.106 0.015 0.021 0.042 0.018 0.002 0.013 0.005 
   0   (0.084) 0.028 0.102 0.152 0.034 0.123 0.906 0.037 0.638 
 282   (0.135) 0.099 0.152 0.142 0.112 0.122 0.013 0.204 0.045 
 274   (0.026) 0.007 0.016 0.019 0.023 0.011 0.002 0.018 0.007 
 290   (0.023) 0.009 0.038 0.012 0.011 0.110 0.001 0.006 0.016 
 284   (0.033) 0.014 0.013 0.032 0.014 0.008 0.009 0.052 0.006 
 288   (0.040) 0.017 0.049 0.027 0.018 0.066 0.002 0.040 0.009 
 272   (0.021) 0.005 0.004 0.022 0.010 0.004 0.001 0.020 0.003 

Locus 9 : 
16 alleles
0.0% missing data
 146   (0.366) 0.496 0.486 0.393 0.506 0.489 0.512 0.435 0.276 
 178   (0.028) 0.012 0.007 0.059 0.010 0.005 0.002 0.040 0.004 
 170   (0.052) 0.026 0.063 0.062 0.021 0.042 0.026 0.055 0.009 
 166   (0.067) 0.082 0.035 0.075 0.094 0.026 0.016 0.051 0.013 
 172   (0.054) 0.023 0.059 0.039 0.071 0.093 0.004 0.048 0.007 
 168   (0.078) 0.086 0.154 0.060 0.068 0.135 0.022 0.061 0.020 
 162   (0.024) 0.010 0.006 0.036 0.007 0.004 0.001 0.009 0.005 
 148   (0.078) 0.070 0.049 0.061 0.072 0.029 0.303 0.040 0.096 
 160   (0.067) 0.094 0.038 0.053 0.064 0.033 0.012 0.140 0.012 
 174   (0.034) 0.012 0.015 0.039 0.014 0.010 0.002 0.052 0.005 
 158   (0.034) 0.012 0.044 0.029 0.017 0.061 0.003 0.026 0.008 
   0   (0.017) 0.004 0.008 0.010 0.004 0.031 0.001 0.005 0.463 
 154   (0.046) 0.042 0.024 0.029 0.032 0.032 0.092 0.019 0.007 
 164   (0.016) 0.004 0.003 0.016 0.007 0.003 0.001 0.007 0.002 
 180   (0.018) 0.004 0.003 0.028 0.004 0.003 0.002 0.004 0.003 
 142   (0.020) 0.022 0.006 0.012 0.009 0.004 0.001 0.008 0.070 

Locus 10 : 
8 alleles
0.0% missing data
 158   (0.750) 0.881 0.813 0.744 0.879 0.796 0.875 0.788 0.259 
 160   (0.116) 0.086 0.120 0.108 0.079 0.130 0.016 0.173 0.022 
 154   (0.031) 0.008 0.022 0.022 0.014 0.036 0.002 0.010 0.004 
 156   (0.019) 0.004 0.003 0.010 0.004 0.003 0.100 0.005 0.003 
 152   (0.027) 0.008 0.018 0.077 0.007 0.007 0.003 0.007 0.004 
   0   (0.022) 0.005 0.004 0.014 0.006 0.004 0.002 0.006 0.701 
 144   (0.018) 0.004 0.012 0.010 0.006 0.013 0.001 0.006 0.005 
 162   (0.017) 0.004 0.008 0.014 0.006 0.011 0.001 0.005 0.003 

Locus 11 : 
15 alleles
0.0% missing data
 214   (0.125) 0.084 0.083 0.158 0.095 0.067 0.008 0.192 0.112 
 220   (0.129) 0.148 0.077 0.133 0.156 0.049 0.007 0.186 0.016 
 210   (0.077) 0.071 0.028 0.059 0.100 0.026 0.005 0.149 0.019 
 218   (0.232) 0.463 0.276 0.230 0.360 0.141 0.013 0.215 0.029 
 192   (0.017) 0.005 0.014 0.010 0.005 0.013 0.001 0.004 0.002 
 194   (0.016) 0.004 0.014 0.010 0.004 0.013 0.001 0.004 0.002 
 212   (0.037) 0.018 0.028 0.024 0.024 0.027 0.003 0.031 0.012 
   0   (0.092) 0.042 0.270 0.062 0.038 0.542 0.935 0.030 0.755 
 222   (0.095) 0.073 0.120 0.093 0.106 0.066 0.009 0.063 0.014 
 224   (0.025) 0.018 0.011 0.018 0.012 0.007 0.005 0.008 0.004 
 216   (0.073) 0.050 0.022 0.095 0.074 0.023 0.008 0.091 0.022 
 200   (0.013) 0.003 0.002 0.027 0.003 0.002 0.002 0.003 0.002 
 204   (0.020) 0.004 0.003 0.030 0.004 0.003 0.002 0.005 0.003 
 188   (0.026) 0.010 0.049 0.040 0.007 0.018 0.001 0.010 0.005 
 208   (0.020) 0.007 0.004 0.011 0.012 0.003 0.001 0.008 0.003 

Locus 12 : 
18 alleles
0.0% missing data
 144   (0.031) 0.012 0.007 0.041 0.012 0.006 0.077 0.041 0.008 
 162   (0.046) 0.022 0.010 0.035 0.026 0.007 0.003 0.061 0.090 
 170   (0.040) 0.038 0.009 0.039 0.048 0.010 0.003 0.038 0.006 
   0   (0.053) 0.035 0.403 0.039 0.021 0.546 0.324 0.016 0.086 
 148   (0.082) 0.087 0.064 0.085 0.105 0.049 0.132 0.069 0.022 
 142   (0.081) 0.182 0.035 0.062 0.127 0.038 0.039 0.048 0.034 
 154   (0.034) 0.031 0.013 0.045 0.041 0.014 0.004 0.031 0.007 
 146   (0.298) 0.344 0.302 0.314 0.358 0.172 0.365 0.424 0.459 
 164   (0.042) 0.027 0.009 0.050 0.057 0.008 0.003 0.065 0.006 
 168   (0.032) 0.025 0.015 0.025 0.024 0.012 0.002 0.020 0.005 
 156   (0.065) 0.075 0.053 0.040 0.067 0.083 0.011 0.083 0.010 
 172   (0.041) 0.022 0.024 0.059 0.024 0.013 0.011 0.028 0.006 
 166   (0.053) 0.062 0.028 0.048 0.051 0.023 0.005 0.037 0.047 
 158   (0.026) 0.014 0.013 0.054 0.008 0.004 0.015 0.014 0.013 
 150   (0.020) 0.005 0.004 0.014 0.006 0.005 0.001 0.006 0.020 
 174   (0.017) 0.004 0.003 0.027 0.004 0.003 0.002 0.004 0.003 
 182   (0.018) 0.008 0.005 0.010 0.007 0.003 0.001 0.010 0.003 
 160   (0.024) 0.009 0.004 0.014 0.013 0.004 0.003 0.007 0.176 

Locus 13 : 
16 alleles
0.0% missing data
 285   (0.287) 0.262 0.153 0.338 0.293 0.164 0.060 0.359 0.111 
 291   (0.115) 0.059 0.053 0.126 0.179 0.070 0.008 0.150 0.032 
 289   (0.117) 0.250 0.095 0.107 0.197 0.024 0.008 0.200 0.017 
   0   (0.110) 0.048 0.501 0.078 0.041 0.624 0.804 0.036 0.695 
 277   (0.046) 0.025 0.010 0.036 0.043 0.011 0.003 0.031 0.009 
 273   (0.031) 0.196 0.008 0.017 0.066 0.008 0.002 0.010 0.005 
 293   (0.046) 0.036 0.097 0.051 0.015 0.025 0.003 0.016 0.007 
 287   (0.051) 0.048 0.021 0.040 0.030 0.012 0.026 0.059 0.008 
 295   (0.043) 0.012 0.009 0.054 0.063 0.011 0.002 0.049 0.007 
 301   (0.014) 0.004 0.003 0.009 0.009 0.005 0.001 0.007 0.004 
 303   (0.023) 0.012 0.009 0.024 0.013 0.009 0.001 0.008 0.044 
 279   (0.027) 0.013 0.022 0.017 0.017 0.018 0.002 0.014 0.005 
 181   (0.014) 0.013 0.004 0.008 0.007 0.004 0.001 0.004 0.002 
 283   (0.028) 0.006 0.004 0.048 0.006 0.004 0.076 0.006 0.026 
 281   (0.021) 0.005 0.004 0.014 0.009 0.004 0.001 0.011 0.003 
 297   (0.028) 0.012 0.007 0.032 0.011 0.005 0.002 0.039 0.025 

Values of parameters used in structure:
DATAFILE=bws18_structure.txt,	OUTFILE=bws18_structurek8_results,	NUMINDS=136,	NUMLOCI=13,	MISSING=-9,	LABEL=1,	POPDATA=1,	POPFLAG=0,	PHENOTYPE=0,	EXTRACOLS=0,	MAXPOPS=8,	BURNIN=10000,	NUMREPS=20000,	USEPOPINFO=0,	INFERALPHA=1,	INFERLAMBDA=0,	POPSPECIFICLAMBDA=0,	POPALPHAS=0,	COMPUTEPROB=1,	NOADMIX=0,	ADMBURNIN=500,	UPDATEFREQ=100,	PRINTLIKES=0,	INTERMEDSAVE=0,	PRINTKLD=0,	PRINTNET=1,	PRINTLAMBDA=1,	ANCESTDIST=0,	NUMBOXES=1000,	ANCESTPINT=0.90000,	GENSBACK=2,	MIGRPRIOR=0.01000,	PRINTQHAT=0,	PRINTQSUM=1,	ALPHA=1.0000,	FREQSCORR=1,	FPRIORMEAN=0.0100,	FPRIORSD=0.0500,	ONEFST=0,	LAMBDA=1.0000,	UNIFPRIORALPHA=1,	ALPHAMAX=10.0000,	ALPHAPRIORA=1.0000,	ALPHAPRIORB=2.0000,	ALPHAPROPSD=0.0250,	STARTATPOPINFO=0,	RANDOMIZE=1,	LINKAGE=0,	METROFREQ=10,	REPORTHITRATE=0,	MARKOVPHASE=0,	PHASED=0,	PLOIDY=2,	PHASEINFO=0	LOCPRIOR=0, 	LOCPRIORINIT=1.000000, 	LOCDATA=0, 	LOCISPOP=1, 	LOCPRIORSTEP=0.100000, 	MAXLOCPRIOR=20.000000, 	SEED=1682096033,	
[STRAT parameters]:    NUMSIMSTATS=1000,	PHENOTYPECOL=-9,	POOLFREQ=10,	LOCUSxONLY=0,	EMERROR=0.00100,	MISSINGPHENO=-9,	