

----------------------------------------------------
STRUCTURE by Pritchard, Stephens and Donnelly (2000)
     and Falush, Stephens and Pritchard (2003)
       Code by Pritchard, Falush and Hubisz
             Version 2.3.4 (Jul 2012)
----------------------------------------------------



Command line arguments:   ./structure -m mainparams_bws18_k6 
Input File:    bws18_structure.txt

Run parameters:
   136 individuals
   13 loci
   6 populations assumed
   10000 Burn-in period
   20000 Reps


--------------------------------------------
Proportion of membership of each pre-defined
 population in each of the 6 clusters

Given    Inferred Clusters                            Number of
 Pop       1      2      3      4      5      6      Individuals

 17:     0.275  0.211  0.210  0.010  0.203  0.091       18
 22:     0.184  0.248  0.141  0.097  0.145  0.185       11
 29:     0.234  0.213  0.255  0.039  0.190  0.069       13
 62:     0.163  0.261  0.228  0.049  0.198  0.100       20
122:     0.120  0.244  0.115  0.172  0.268  0.080       14
193:     0.133  0.213  0.153  0.145  0.159  0.198       14
205:     0.092  0.313  0.191  0.048  0.197  0.158       19
286:     0.075  0.089  0.203  0.324  0.091  0.218       13
328:     0.099  0.194  0.322  0.055  0.242  0.087       14
--------------------------------------------

Allele-freq. divergence among pops (Net nucleotide distance),
computed using point estimates of P.

      1       2       3       4       5       6      
 1      -    0.0474  0.0484  0.1414  0.0451  0.0939  
 2   0.0474     -    0.0107  0.1527  0.0021  0.1581  
 3   0.0484  0.0107     -    0.1631  0.0121  0.1661  
 4   0.1414  0.1527  0.1631     -    0.1431  0.0952  
 5   0.0451  0.0021  0.0121  0.1431     -    0.1533  
 6   0.0939  0.1581  0.1661  0.0952  0.1533     -    

Average distances (expected heterozygosity) between individuals in same cluster:
cluster  1  : 0.6659 
cluster  2  : 0.7096 
cluster  3  : 0.6830 
cluster  4  : 0.6179 
cluster  5  : 0.7316 
cluster  6  : 0.4987 

--------------------------------------------
Estimated Ln Prob of Data   = -6022.4
Mean value of ln likelihood = -5413.8
Variance of ln likelihood   = 1217.2
Mean value of alpha         = 0.0756

Mean value of Fst_1         = 0.1446
Mean value of Fst_2         = 0.0592
Mean value of Fst_3         = 0.0774
Mean value of Fst_4         = 0.2986
Mean value of Fst_5         = 0.0503
Mean value of Fst_6         = 0.3588


Inferred ancestry of individuals:
        Label (%Miss) Pop:  Inferred clusters
  1    0079C    (0)   17 :  0.014 0.525 0.028 0.007 0.418 0.008 
  2    0079D    (0)   17 :  0.036 0.440 0.236 0.006 0.274 0.008 
  3    0079E    (0)   17 :  0.519 0.057 0.077 0.009 0.056 0.282 
  4    0079G    (0)   17 :  0.030 0.427 0.373 0.007 0.151 0.012 
  5    0082A    (0)   17 :  0.158 0.290 0.357 0.005 0.181 0.009 
  6    0082B    (0)   17 :  0.027 0.025 0.898 0.010 0.031 0.008 
  7    0082C    (0)   17 :  0.086 0.081 0.148 0.029 0.103 0.554 
  8    0082D    (0)   17 :  0.803 0.016 0.014 0.008 0.017 0.143 
  9    0121B    (0)   22 :  0.200 0.055 0.063 0.086 0.072 0.524 
 10    0121C    (0)   22 :  0.015 0.526 0.171 0.007 0.275 0.006 
 11    0147A    (0)   29 :  0.625 0.009 0.007 0.160 0.009 0.190 
 12    0147B    (0)   29 :  0.165 0.396 0.108 0.028 0.259 0.043 
 13    0147D    (0)   29 :  0.536 0.016 0.019 0.020 0.029 0.379 
 14    0167A    (0)   17 :  0.020 0.487 0.129 0.006 0.352 0.006 
 15    0167B    (0)   17 :  0.388 0.137 0.178 0.006 0.276 0.016 
 16    0167C    (0)   17 :  0.094 0.117 0.663 0.006 0.111 0.009 
 17    0309A    (0)   62 :  0.051 0.289 0.538 0.007 0.108 0.008 
 18    0309C    (0)   62 :  0.021 0.440 0.126 0.006 0.399 0.008 
 19    0309D    (0)   62 :  0.328 0.023 0.082 0.212 0.020 0.335 
 20    0309E    (0)   62 :  0.756 0.041 0.041 0.008 0.029 0.124 
 21    0625A    (0)   122 :  0.365 0.218 0.181 0.013 0.178 0.045 
 22    0625B    (0)   122 :  0.183 0.220 0.213 0.005 0.369 0.010 
 23    0625C    (0)   122 :  0.012 0.355 0.085 0.006 0.536 0.006 
 24    0625D    (0)   122 :  0.016 0.471 0.055 0.006 0.447 0.006 
 25    1029C    (0)   193 :  0.482 0.118 0.086 0.042 0.032 0.240 
 26    1029D    (0)   193 :  0.493 0.028 0.019 0.023 0.022 0.416 
 27    1029G    (0)   193 :  0.015 0.012 0.028 0.090 0.015 0.840 
 28    1187B    (0)   29 :  0.075 0.177 0.607 0.009 0.125 0.007 
 29    1187C    (0)   29 :  0.143 0.424 0.314 0.006 0.100 0.014 
 30    1187D    (0)   29 :  0.622 0.090 0.068 0.009 0.114 0.097 
 31    1187E    (0)   29 :  0.116 0.076 0.719 0.007 0.074 0.008 
 32    1314A    (0)   193 :  0.081 0.166 0.190 0.026 0.097 0.441 
 33    1314B    (0)   193 :  0.031 0.310 0.114 0.081 0.412 0.052 
 34    1314C    (0)   193 :  0.089 0.302 0.309 0.006 0.285 0.009 
 35    1314D    (0)   193 :  0.028 0.460 0.318 0.006 0.180 0.008 
 36    1314E    (0)   193 :  0.082 0.257 0.319 0.044 0.136 0.163 
 37    1319A    (0)   62 :  0.066 0.184 0.630 0.006 0.102 0.012 
 38    1319B    (0)   62 :  0.166 0.234 0.217 0.005 0.280 0.097 
 39    1600A    (0)   29 :  0.149 0.166 0.394 0.010 0.273 0.008 
 40    1600B    (0)   29 :  0.030 0.467 0.170 0.006 0.319 0.008 
 41    1600C    (0)   29 :  0.044 0.494 0.261 0.012 0.117 0.072 
 42    1630A    (0)   193 :  0.062 0.371 0.247 0.040 0.202 0.079 
 43    1630B    (0)   193 :  0.085 0.195 0.215 0.257 0.181 0.066 
 44    1630C    (0)   193 :  0.243 0.015 0.017 0.603 0.013 0.110 
 45    1711A    (0)   286 :  0.032 0.025 0.821 0.022 0.025 0.074 
 46    1711B    (0)   286 :  0.037 0.037 0.883 0.006 0.030 0.007 
 47    1711C    (0)   286 :  0.009 0.009 0.007 0.058 0.013 0.904 
 48    1711D    (0)   286 :  0.041 0.209 0.100 0.411 0.224 0.015 
 49    1711E    (0)   286 :  0.646 0.012 0.012 0.131 0.013 0.186 
 50    1715B    (0)   205 :  0.026 0.600 0.245 0.007 0.111 0.011 
 51    1715C    (0)   205 :  0.044 0.449 0.135 0.006 0.357 0.010 
 52    1715D    (0)   205 :  0.052 0.313 0.254 0.006 0.366 0.009 
 53    1715E    (0)   205 :  0.023 0.584 0.041 0.007 0.330 0.014 
 54    1726A    (0)   205 :  0.033 0.445 0.387 0.011 0.111 0.014 
 55    1726B    (0)   205 :  0.305 0.092 0.101 0.036 0.093 0.373 
 56    1783A    (0)   205 :  0.007 0.007 0.009 0.515 0.007 0.456 
 57    1783B    (0)   205 :  0.060 0.229 0.645 0.010 0.045 0.011 
 58    1783C    (0)   205 :  0.049 0.538 0.301 0.007 0.092 0.012 
 59    1783D    (0)   205 :  0.022 0.587 0.307 0.007 0.068 0.009 
 60    1783E    (0)   205 :  0.024 0.417 0.059 0.006 0.486 0.008 
 61    2008C    (0)   62 :  0.027 0.530 0.296 0.005 0.135 0.007 
 62    2008D    (0)   62 :  0.056 0.337 0.139 0.006 0.454 0.008 
 63    2008E    (0)   62 :  0.034 0.370 0.297 0.041 0.215 0.043 
 64    2008F    (0)   62 :  0.063 0.024 0.038 0.077 0.028 0.770 
 65    2008G    (0)   62 :  0.441 0.156 0.163 0.024 0.175 0.042 
 66    2008H    (0)   62 :  0.106 0.420 0.140 0.005 0.314 0.014 
 67    2033A    (0)   328 :  0.012 0.307 0.089 0.268 0.315 0.010 
 68    2159A    (0)   328 :  0.076 0.308 0.246 0.007 0.351 0.013 
 69    2159B    (0)   328 :  0.045 0.369 0.128 0.005 0.445 0.008 
 70    2159C    (0)   328 :  0.145 0.330 0.116 0.009 0.394 0.007 
 71    2159E    (0)   328 :  0.042 0.302 0.460 0.005 0.184 0.006 
 72    2341B    (0)   62 :  0.553 0.057 0.242 0.009 0.111 0.028 
 73    2341C    (0)   62 :  0.018 0.497 0.088 0.008 0.379 0.009 
 74    2351A    (0)   62 :  0.143 0.270 0.267 0.006 0.307 0.008 
 75    2366A    (0)   122 :  0.016 0.029 0.038 0.610 0.021 0.286 
 76    2366B    (0)   122 :  0.007 0.009 0.011 0.582 0.009 0.384 
 77    2366C    (0)   122 :  0.012 0.610 0.045 0.009 0.316 0.008 
 78    2366D    (0)   122 :  0.052 0.291 0.140 0.007 0.503 0.007 
 79    2409A    (0)   122 :  0.448 0.042 0.288 0.026 0.055 0.142 
 80    2423C    (0)   205 :  0.074 0.413 0.134 0.017 0.354 0.009 
 81    2423D    (0)   205 :  0.311 0.163 0.216 0.008 0.258 0.043 
 82    2423E    (0)   205 :  0.281 0.082 0.035 0.051 0.163 0.388 
 83    2856A    (0)   22 :  0.033 0.232 0.271 0.118 0.098 0.248 
 84    2856B    (0)   22 :  0.027 0.586 0.056 0.014 0.283 0.035 
 85    2856C    (0)   22 :  0.124 0.061 0.705 0.015 0.052 0.042 
 86    2856E    (0)   22 :  0.747 0.027 0.049 0.009 0.036 0.131 
 87    3026A    (0)   17 :  0.030 0.448 0.113 0.006 0.389 0.013 
 88    3026B    (0)   17 :  0.623 0.092 0.086 0.006 0.114 0.079 
 89    3253A    (0)   205 :  0.015 0.509 0.079 0.010 0.380 0.006 
 90    3280A    (0)   328 :  0.122 0.212 0.444 0.010 0.205 0.008 
 91    3280B    (0)   328 :  0.120 0.144 0.214 0.006 0.509 0.006 
 92    3760C    (0)   122 :  0.021 0.195 0.009 0.391 0.371 0.013 
 93    4249A    (0)   193 :  0.054 0.498 0.111 0.006 0.321 0.010 
 94    4316A    (0)   17 :  0.469 0.142 0.084 0.005 0.243 0.058 
 95    4316B    (0)   17 :  0.041 0.282 0.195 0.006 0.468 0.008 
 96    4316C    (0)   17 :  0.149 0.148 0.056 0.041 0.363 0.244 
 97    4316D    (0)   17 :  0.770 0.019 0.085 0.005 0.016 0.104 
 98    4316E    (0)   17 :  0.694 0.065 0.060 0.006 0.095 0.080 
 99    5597A    (0)   22 :  0.736 0.036 0.019 0.029 0.033 0.147 
100    5597B    (0)   22 :  0.061 0.564 0.109 0.006 0.251 0.008 
101    5597C    (0)   22 :  0.029 0.501 0.045 0.005 0.411 0.009 
102    5597D    (0)   22 :  0.051 0.133 0.056 0.076 0.071 0.612 
103    5637A    (0)   205 :  0.163 0.163 0.404 0.006 0.242 0.021 
104    5637C    (0)   205 :  0.034 0.306 0.228 0.110 0.231 0.091 
105    5637D    (0)   205 :  0.063 0.030 0.036 0.041 0.030 0.799 
106    5637E    (0)   205 :  0.170 0.017 0.022 0.057 0.021 0.713 
107    5912A    (0)   286 :  0.071 0.171 0.315 0.013 0.423 0.008 
108    5912B    (0)   286 :  0.023 0.506 0.275 0.007 0.181 0.009 
109    5912C    (0)   286 :  0.039 0.104 0.182 0.467 0.201 0.008 
110    5912D    (0)   286 :  0.012 0.046 0.016 0.200 0.037 0.690 
111    5954B    (0)   286 :  0.007 0.008 0.010 0.951 0.014 0.010 
112    5954C    (0)   286 :  0.008 0.006 0.006 0.110 0.006 0.864 
113    5954D    (0)   286 :  0.046 0.013 0.008 0.894 0.013 0.027 
114    5954E    (0)   286 :  0.005 0.009 0.006 0.939 0.009 0.032 
115    6136A    (0)   29 :  0.117 0.108 0.587 0.007 0.164 0.018 
116    6136B    (0)   29 :  0.382 0.176 0.050 0.014 0.342 0.034 
117    6136C    (0)   29 :  0.030 0.167 0.015 0.224 0.544 0.021 
118    6337A    (0)   328 :  0.075 0.073 0.726 0.017 0.040 0.070 
119    6337B    (0)   328 :  0.018 0.070 0.860 0.005 0.039 0.007 
120    6337C    (0)   328 :  0.035 0.055 0.849 0.006 0.044 0.011 
121    6337D    (0)   328 :  0.065 0.192 0.059 0.015 0.170 0.499 
122    6337E    (0)   328 :  0.367 0.193 0.068 0.014 0.289 0.069 
123    6382C    (0)   122 :  0.021 0.406 0.459 0.007 0.099 0.008 
124    6382E    (0)   122 :  0.019 0.380 0.033 0.008 0.552 0.008 
125    6382F    (0)   122 :  0.045 0.049 0.013 0.727 0.069 0.097 
126    6382G    (0)   122 :  0.460 0.141 0.046 0.019 0.229 0.106 
127    6514C    (0)   62 :  0.047 0.241 0.594 0.028 0.082 0.009 
128    6514E    (0)   62 :  0.027 0.302 0.451 0.013 0.193 0.014 
129    6514F    (0)   62 :  0.044 0.470 0.068 0.007 0.401 0.010 
130    6514G    (0)   62 :  0.013 0.220 0.086 0.490 0.078 0.113 
131    6514H    (0)   62 :  0.307 0.117 0.058 0.018 0.158 0.342 
132    6546B    (0)   328 :  0.069 0.094 0.154 0.326 0.335 0.023 
133    6546C    (0)   328 :  0.196 0.068 0.094 0.084 0.075 0.482 
134    6706A    (0)   193 :  0.082 0.132 0.114 0.306 0.206 0.161 
135    6706B    (0)   193 :  0.036 0.116 0.060 0.495 0.120 0.173 
136    6723B    (0)   22 :  0.006 0.007 0.007 0.698 0.007 0.275 


Estimated Allele Frequencies in each cluster
First column gives estimated ancestral frequencies


Locus 1 : 
9 alleles
0.0% missing data
 148   (0.643) 0.817 0.735 0.683 0.492 0.695 0.682 
 146   (0.125) 0.071 0.115 0.225 0.033 0.103 0.199 
 147   (0.092) 0.053 0.088 0.059 0.025 0.118 0.101 
   0   (0.026) 0.015 0.006 0.005 0.341 0.010 0.006 
 142   (0.030) 0.012 0.022 0.009 0.003 0.024 0.002 
 137   (0.018) 0.003 0.008 0.006 0.002 0.012 0.001 
 161   (0.028) 0.010 0.015 0.006 0.028 0.024 0.005 
 172   (0.018) 0.016 0.005 0.004 0.002 0.008 0.002 
 151   (0.019) 0.003 0.004 0.003 0.074 0.006 0.001 

Locus 2 : 
17 alleles
0.0% missing data
 197   (0.234) 0.390 0.320 0.312 0.046 0.328 0.286 
 205   (0.109) 0.038 0.120 0.114 0.073 0.129 0.112 
 199   (0.075) 0.083 0.055 0.082 0.188 0.048 0.024 
 201   (0.146) 0.133 0.187 0.099 0.068 0.175 0.345 
 203   (0.064) 0.112 0.043 0.077 0.008 0.056 0.042 
 213   (0.043) 0.009 0.044 0.068 0.008 0.039 0.003 
 227   (0.038) 0.077 0.018 0.017 0.011 0.026 0.023 
 221   (0.029) 0.006 0.031 0.020 0.003 0.030 0.006 
 211   (0.063) 0.098 0.063 0.040 0.008 0.059 0.016 
 215   (0.024) 0.009 0.009 0.052 0.003 0.011 0.001 
   0   (0.021) 0.005 0.005 0.004 0.483 0.007 0.066 
 217   (0.031) 0.015 0.022 0.059 0.004 0.016 0.004 
 191   (0.034) 0.008 0.033 0.020 0.011 0.023 0.017 
 193   (0.046) 0.008 0.032 0.023 0.069 0.022 0.051 
 219   (0.011) 0.003 0.005 0.005 0.001 0.010 0.001 
 241   (0.015) 0.002 0.007 0.003 0.012 0.009 0.001 
 207   (0.016) 0.005 0.006 0.004 0.002 0.011 0.003 

Locus 3 : 
10 alleles
0.0% missing data
 201   (0.255) 0.272 0.336 0.276 0.046 0.288 0.078 
 207   (0.292) 0.245 0.377 0.256 0.070 0.360 0.308 
 204   (0.204) 0.298 0.167 0.304 0.048 0.192 0.077 
   0   (0.036) 0.006 0.009 0.007 0.709 0.015 0.446 
 210   (0.110) 0.114 0.079 0.102 0.021 0.100 0.055 
 219   (0.018) 0.019 0.004 0.006 0.015 0.006 0.020 
 198   (0.029) 0.005 0.014 0.014 0.003 0.017 0.002 
 213   (0.019) 0.034 0.004 0.004 0.009 0.006 0.010 
 216   (0.019) 0.003 0.004 0.004 0.075 0.008 0.001 
 189   (0.018) 0.005 0.006 0.027 0.002 0.007 0.003 

Locus 4 : 
13 alleles
0.0% missing data
 138   (0.114) 0.184 0.127 0.093 0.048 0.134 0.035 
 140   (0.173) 0.222 0.182 0.260 0.035 0.213 0.057 
 132   (0.149) 0.081 0.183 0.129 0.267 0.165 0.122 
 154   (0.017) 0.003 0.009 0.009 0.002 0.008 0.001 
 142   (0.125) 0.178 0.097 0.192 0.041 0.107 0.127 
 134   (0.044) 0.015 0.022 0.049 0.275 0.024 0.007 
 128   (0.037) 0.008 0.018 0.018 0.008 0.021 0.152 
   0   (0.072) 0.138 0.045 0.040 0.253 0.041 0.464 
 136   (0.108) 0.101 0.155 0.112 0.034 0.096 0.017 
 144   (0.059) 0.050 0.048 0.035 0.013 0.086 0.006 
 146   (0.026) 0.004 0.014 0.023 0.003 0.023 0.002 
 152   (0.030) 0.006 0.025 0.016 0.009 0.030 0.003 
 130   (0.046) 0.010 0.076 0.024 0.011 0.053 0.008 

Locus 5 : 
10 alleles
0.0% missing data
 257   (0.365) 0.226 0.441 0.505 0.343 0.432 0.085 
 271   (0.055) 0.010 0.059 0.036 0.026 0.054 0.004 
 259   (0.314) 0.359 0.361 0.323 0.181 0.324 0.137 
   0   (0.057) 0.078 0.017 0.027 0.369 0.024 0.728 
 261   (0.054) 0.234 0.028 0.027 0.011 0.040 0.030 
 263   (0.021) 0.039 0.005 0.004 0.003 0.007 0.007 
 269   (0.028) 0.009 0.014 0.028 0.023 0.023 0.001 
 273   (0.067) 0.039 0.061 0.027 0.040 0.074 0.005 
 265   (0.020) 0.003 0.008 0.006 0.002 0.013 0.001 
 267   (0.021) 0.003 0.006 0.017 0.002 0.008 0.001 

Locus 6 : 
16 alleles
0.0% missing data
 147   (0.150) 0.121 0.200 0.148 0.060 0.195 0.507 
 141   (0.111) 0.249 0.111 0.165 0.052 0.093 0.066 
 149   (0.099) 0.107 0.093 0.149 0.076 0.066 0.110 
 159   (0.061) 0.142 0.041 0.069 0.007 0.062 0.029 
 137   (0.089) 0.094 0.072 0.148 0.011 0.095 0.051 
 139   (0.034) 0.011 0.026 0.028 0.007 0.047 0.002 
 161   (0.061) 0.102 0.067 0.030 0.069 0.051 0.022 
 151   (0.070) 0.022 0.112 0.057 0.083 0.082 0.019 
 153   (0.083) 0.040 0.088 0.066 0.090 0.074 0.046 
 165   (0.055) 0.044 0.040 0.040 0.021 0.051 0.028 
 145   (0.057) 0.014 0.070 0.032 0.014 0.089 0.063 
 135   (0.017) 0.003 0.004 0.004 0.004 0.007 0.023 
 157   (0.039) 0.031 0.034 0.037 0.004 0.031 0.006 
   0   (0.018) 0.003 0.006 0.004 0.355 0.012 0.001 
 143   (0.039) 0.011 0.025 0.014 0.136 0.031 0.026 
 155   (0.018) 0.005 0.012 0.007 0.011 0.016 0.001 

Locus 7 : 
5 alleles
0.0% missing data
 138   (0.705) 0.787 0.758 0.839 0.667 0.728 0.846 
 144   (0.085) 0.091 0.065 0.040 0.069 0.072 0.025 
 132   (0.155) 0.114 0.141 0.107 0.172 0.152 0.119 
   0   (0.035) 0.005 0.030 0.010 0.065 0.041 0.002 
 135   (0.020) 0.003 0.005 0.004 0.027 0.007 0.008 

Locus 8 : 
13 alleles
0.0% missing data
 276   (0.058) 0.019 0.067 0.031 0.008 0.076 0.006 
 286   (0.123) 0.079 0.134 0.148 0.018 0.149 0.014 
 278   (0.201) 0.156 0.283 0.225 0.050 0.208 0.083 
 270   (0.029) 0.045 0.013 0.012 0.003 0.019 0.011 
 280   (0.200) 0.254 0.192 0.319 0.031 0.196 0.078 
 266   (0.035) 0.026 0.014 0.095 0.003 0.017 0.003 
   0   (0.070) 0.048 0.040 0.025 0.811 0.048 0.732 
 282   (0.126) 0.178 0.157 0.082 0.038 0.166 0.024 
 274   (0.027) 0.013 0.021 0.010 0.003 0.021 0.002 
 290   (0.027) 0.102 0.009 0.013 0.004 0.011 0.026 
 284   (0.041) 0.015 0.027 0.015 0.023 0.039 0.003 
 288   (0.040) 0.063 0.025 0.021 0.005 0.034 0.015 
 272   (0.021) 0.003 0.017 0.006 0.002 0.018 0.001 

Locus 9 : 
16 alleles
0.0% missing data
 146   (0.354) 0.471 0.452 0.508 0.369 0.431 0.512 
 178   (0.042) 0.009 0.036 0.015 0.013 0.039 0.003 
 170   (0.055) 0.065 0.041 0.019 0.055 0.054 0.010 
 166   (0.068) 0.024 0.081 0.074 0.014 0.070 0.024 
 172   (0.053) 0.093 0.058 0.041 0.007 0.035 0.018 
 168   (0.072) 0.163 0.065 0.083 0.010 0.058 0.065 
 162   (0.019) 0.005 0.014 0.010 0.006 0.014 0.001 
 148   (0.074) 0.022 0.059 0.068 0.106 0.058 0.256 
 160   (0.071) 0.046 0.076 0.082 0.015 0.104 0.014 
 174   (0.034) 0.016 0.037 0.011 0.003 0.033 0.002 
 158   (0.041) 0.038 0.030 0.012 0.005 0.033 0.025 
   0   (0.025) 0.020 0.007 0.006 0.311 0.011 0.009 
 154   (0.037) 0.015 0.018 0.044 0.055 0.021 0.056 
 164   (0.019) 0.003 0.010 0.006 0.002 0.011 0.001 
 180   (0.014) 0.002 0.006 0.003 0.012 0.010 0.001 
 142   (0.023) 0.007 0.010 0.018 0.018 0.020 0.002 

Locus 10 : 
8 alleles
0.0% missing data
 158   (0.726) 0.793 0.813 0.891 0.498 0.748 0.879 
 160   (0.116) 0.125 0.121 0.073 0.016 0.148 0.040 
 154   (0.029) 0.040 0.013 0.007 0.003 0.016 0.007 
 156   (0.022) 0.003 0.005 0.004 0.036 0.008 0.053 
 152   (0.033) 0.018 0.020 0.007 0.023 0.033 0.002 
   0   (0.035) 0.006 0.012 0.008 0.420 0.027 0.009 
 144   (0.022) 0.004 0.009 0.005 0.002 0.011 0.008 
 162   (0.019) 0.011 0.007 0.004 0.002 0.010 0.002 

Locus 11 : 
15 alleles
0.0% missing data
 214   (0.121) 0.052 0.169 0.065 0.082 0.164 0.015 
 220   (0.130) 0.077 0.152 0.155 0.012 0.153 0.012 
 210   (0.075) 0.023 0.112 0.082 0.011 0.091 0.006 
 218   (0.230) 0.262 0.278 0.442 0.021 0.242 0.025 
 192   (0.023) 0.015 0.006 0.006 0.002 0.009 0.005 
 194   (0.018) 0.014 0.005 0.005 0.002 0.008 0.005 
 212   (0.035) 0.012 0.021 0.024 0.004 0.034 0.020 
   0   (0.084) 0.377 0.029 0.041 0.788 0.051 0.874 
 222   (0.101) 0.083 0.093 0.092 0.012 0.092 0.019 
 224   (0.023) 0.011 0.009 0.016 0.003 0.012 0.007 
 216   (0.079) 0.027 0.085 0.046 0.038 0.088 0.006 
 200   (0.021) 0.003 0.008 0.004 0.011 0.012 0.001 
 204   (0.016) 0.003 0.008 0.003 0.010 0.010 0.001 
 188   (0.024) 0.039 0.015 0.007 0.003 0.027 0.003 
 208   (0.020) 0.003 0.009 0.011 0.002 0.007 0.001 

Locus 12 : 
18 alleles
0.0% missing data
 144   (0.035) 0.006 0.036 0.013 0.076 0.027 0.009 
 162   (0.037) 0.006 0.043 0.019 0.024 0.047 0.004 
 170   (0.043) 0.009 0.045 0.048 0.005 0.028 0.003 
   0   (0.048) 0.579 0.019 0.014 0.017 0.030 0.553 
 148   (0.089) 0.030 0.094 0.094 0.025 0.061 0.178 
 142   (0.078) 0.042 0.064 0.183 0.064 0.049 0.019 
 154   (0.036) 0.013 0.046 0.034 0.007 0.033 0.006 
 146   (0.287) 0.173 0.374 0.331 0.497 0.444 0.182 
 164   (0.047) 0.009 0.066 0.042 0.005 0.042 0.003 
 168   (0.034) 0.012 0.027 0.014 0.004 0.030 0.003 
 156   (0.059) 0.067 0.059 0.088 0.012 0.051 0.019 
 172   (0.041) 0.015 0.039 0.017 0.028 0.037 0.004 
 166   (0.060) 0.020 0.045 0.065 0.019 0.053 0.011 
 158   (0.030) 0.007 0.014 0.011 0.070 0.026 0.002 
 150   (0.017) 0.003 0.007 0.005 0.012 0.009 0.001 
 174   (0.015) 0.002 0.007 0.003 0.012 0.011 0.001 
 182   (0.015) 0.002 0.007 0.005 0.002 0.012 0.001 
 160   (0.029) 0.004 0.011 0.013 0.122 0.011 0.002 

Locus 13 : 
16 alleles
0.0% missing data
 285   (0.257) 0.143 0.328 0.285 0.154 0.304 0.036 
 291   (0.115) 0.063 0.169 0.108 0.027 0.106 0.015 
 289   (0.144) 0.053 0.185 0.194 0.025 0.224 0.008 
   0   (0.087) 0.598 0.036 0.031 0.577 0.056 0.903 
 277   (0.031) 0.005 0.040 0.026 0.004 0.021 0.003 
 273   (0.038) 0.009 0.015 0.191 0.005 0.015 0.003 
 293   (0.045) 0.047 0.029 0.027 0.005 0.059 0.004 
 287   (0.054) 0.018 0.041 0.042 0.024 0.045 0.013 
 295   (0.046) 0.008 0.067 0.028 0.005 0.039 0.003 
 301   (0.018) 0.004 0.009 0.007 0.003 0.010 0.002 
 303   (0.035) 0.008 0.017 0.017 0.027 0.021 0.002 
 279   (0.023) 0.024 0.015 0.008 0.003 0.019 0.003 
 181   (0.021) 0.005 0.005 0.015 0.002 0.008 0.001 
 283   (0.027) 0.004 0.009 0.005 0.127 0.016 0.002 
 281   (0.021) 0.004 0.012 0.006 0.002 0.010 0.001 
 297   (0.037) 0.007 0.021 0.011 0.011 0.046 0.002 

Values of parameters used in structure:
DATAFILE=bws18_structure.txt,	OUTFILE=bws18_structurek6_results,	NUMINDS=136,	NUMLOCI=13,	MISSING=-9,	LABEL=1,	POPDATA=1,	POPFLAG=0,	PHENOTYPE=0,	EXTRACOLS=0,	MAXPOPS=6,	BURNIN=10000,	NUMREPS=20000,	USEPOPINFO=0,	INFERALPHA=1,	INFERLAMBDA=0,	POPSPECIFICLAMBDA=0,	POPALPHAS=0,	COMPUTEPROB=1,	NOADMIX=0,	ADMBURNIN=500,	UPDATEFREQ=100,	PRINTLIKES=0,	INTERMEDSAVE=0,	PRINTKLD=0,	PRINTNET=1,	PRINTLAMBDA=1,	ANCESTDIST=0,	NUMBOXES=1000,	ANCESTPINT=0.90000,	GENSBACK=2,	MIGRPRIOR=0.01000,	PRINTQHAT=0,	PRINTQSUM=1,	ALPHA=1.0000,	FREQSCORR=1,	FPRIORMEAN=0.0100,	FPRIORSD=0.0500,	ONEFST=0,	LAMBDA=1.0000,	UNIFPRIORALPHA=1,	ALPHAMAX=10.0000,	ALPHAPRIORA=1.0000,	ALPHAPRIORB=2.0000,	ALPHAPROPSD=0.0250,	STARTATPOPINFO=0,	RANDOMIZE=1,	LINKAGE=0,	METROFREQ=10,	REPORTHITRATE=0,	MARKOVPHASE=0,	PHASED=0,	PLOIDY=2,	PHASEINFO=0	LOCPRIOR=0, 	LOCPRIORINIT=1.000000, 	LOCDATA=0, 	LOCISPOP=1, 	LOCPRIORSTEP=0.100000, 	MAXLOCPRIOR=20.000000, 	SEED=1682095961,	
[STRAT parameters]:    NUMSIMSTATS=1000,	PHENOTYPECOL=-9,	POOLFREQ=10,	LOCUSxONLY=0,	EMERROR=0.00100,	MISSINGPHENO=-9,	