

----------------------------------------------------
STRUCTURE by Pritchard, Stephens and Donnelly (2000)
     and Falush, Stephens and Pritchard (2003)
       Code by Pritchard, Falush and Hubisz
             Version 2.3.4 (Jul 2012)
----------------------------------------------------



Command line arguments:   ./structure -m mainparams_bws18_k7 
Input File:    bws18_structure.txt

Run parameters:
   141 individuals
   13 loci
   7 populations assumed
   10000 Burn-in period
   20000 Reps


--------------------------------------------
Proportion of membership of each pre-defined
 population in each of the 7 clusters

Given    Inferred Clusters                                   Number of
 Pop       1      2      3      4      5      6      7      Individuals

 17:     0.102  0.069  0.162  0.182  0.085  0.225  0.176       18
 22:     0.194  0.038  0.135  0.140  0.209  0.124  0.159       11
 29:     0.084  0.072  0.115  0.195  0.232  0.167  0.135       14
 62:     0.221  0.152  0.108  0.140  0.140  0.110  0.129       20
122:     0.130  0.064  0.195  0.175  0.105  0.233  0.097       14
193:     0.086  0.198  0.178  0.165  0.174  0.113  0.086       14
205:     0.090  0.044  0.154  0.184  0.296  0.110  0.121       21
286:     0.120  0.118  0.135  0.074  0.211  0.100  0.243       14
328:     0.137  0.285  0.086  0.116  0.083  0.102  0.192       15
--------------------------------------------

Allele-freq. divergence among pops (Net nucleotide distance),
computed using point estimates of P.

      1       2       3       4       5       6       7      
 1      -    0.0551  0.0245  0.0258  0.0287  0.0176  0.0330  
 2   0.0551     -    0.0354  0.0411  0.0428  0.0328  0.0511  
 3   0.0245  0.0354     -    0.0172  0.0154  0.0048  0.0257  
 4   0.0258  0.0411  0.0172     -    0.0231  0.0111  0.0270  
 5   0.0287  0.0428  0.0154  0.0231     -    0.0127  0.0337  
 6   0.0176  0.0328  0.0048  0.0111  0.0127     -    0.0170  
 7   0.0330  0.0511  0.0257  0.0270  0.0337  0.0170     -    

Average distances (expected heterozygosity) between individuals in same cluster:
cluster  1  : 0.6545 
cluster  2  : 0.6182 
cluster  3  : 0.7034 
cluster  4  : 0.6692 
cluster  5  : 0.6605 
cluster  6  : 0.7393 
cluster  7  : 0.6744 

--------------------------------------------
Estimated Ln Prob of Data   = -5341.3
Mean value of ln likelihood = -4756.3
Variance of ln likelihood   = 1170.0
Mean value of alpha         = 0.0653

Mean value of Fst_1         = 0.1234
Mean value of Fst_2         = 0.1782
Mean value of Fst_3         = 0.0628
Mean value of Fst_4         = 0.0967
Mean value of Fst_5         = 0.0951
Mean value of Fst_6         = 0.0004
Mean value of Fst_7         = 0.1041


Inferred ancestry of individuals:
        Label (%Miss) Pop:  Inferred clusters
  1    0079C    (0)   17 :  0.044 0.106 0.615 0.093 0.030 0.096 0.016 
  2    0079D    (0)   17 :  0.406 0.028 0.076 0.256 0.071 0.116 0.047 
  3    0079E   (23)   17 :  0.035 0.020 0.061 0.087 0.047 0.535 0.215 
  4    0079G    (0)   17 :  0.068 0.116 0.164 0.156 0.129 0.319 0.049 
  5    0082A    (0)   17 :  0.036 0.022 0.262 0.052 0.027 0.152 0.451 
  6    0082B    (0)   17 :  0.042 0.013 0.031 0.018 0.023 0.026 0.847 
  7    0082C   (15)   17 :  0.021 0.622 0.023 0.022 0.177 0.052 0.084 
  8    0082D   (23)   17 :  0.300 0.067 0.054 0.075 0.096 0.358 0.049 
  9    0121B   (38)   22 :  0.080 0.033 0.089 0.073 0.098 0.125 0.502 
 10    0121C    (0)   22 :  0.028 0.034 0.096 0.053 0.648 0.118 0.023 
 11    0147A   (38)   29 :  0.254 0.163 0.058 0.124 0.047 0.317 0.038 
 12    0147B    (7)   29 :  0.043 0.020 0.040 0.047 0.787 0.043 0.019 
 13    0147D   (30)   29 :  0.180 0.014 0.237 0.224 0.173 0.109 0.065 
 14    0167A    (0)   17 :  0.315 0.014 0.127 0.203 0.055 0.238 0.048 
 15    0167B    (0)   17 :  0.048 0.037 0.069 0.648 0.036 0.126 0.037 
 16    0167C    (0)   17 :  0.028 0.013 0.031 0.040 0.063 0.060 0.764 
 17    0309A    (0)   62 :  0.790 0.024 0.018 0.019 0.019 0.017 0.112 
 18    0309C    (0)   62 :  0.258 0.029 0.217 0.153 0.096 0.185 0.063 
 19    0309D   (30)   62 :  0.469 0.021 0.022 0.064 0.077 0.058 0.289 
 20    0309E   (15)   62 :  0.796 0.028 0.024 0.023 0.021 0.037 0.071 
 21    0625A    (7)   122 :  0.128 0.034 0.042 0.627 0.048 0.081 0.040 
 22    0625B    (0)   122 :  0.160 0.059 0.150 0.345 0.064 0.167 0.056 
 23    0625C    (0)   122 :  0.364 0.089 0.128 0.180 0.017 0.186 0.036 
 24    0625D    (0)   122 :  0.398 0.236 0.098 0.085 0.083 0.065 0.035 
 25    1029C   (23)   193 :  0.399 0.025 0.037 0.026 0.379 0.080 0.053 
 26    1029D   (30)   193 :  0.061 0.059 0.189 0.202 0.317 0.139 0.033 
 27    1029G   (46)   193 :  0.026 0.030 0.050 0.255 0.082 0.138 0.420 
 28    1187A    (0)   29 :  0.074 0.012 0.022 0.088 0.772 0.020 0.013 
 29    1187B    (0)   29 :  0.028 0.146 0.199 0.063 0.112 0.207 0.245 
 30    1187C    (0)   29 :  0.165 0.017 0.024 0.101 0.624 0.046 0.023 
 31    1187D   (15)   29 :  0.157 0.042 0.206 0.075 0.059 0.220 0.241 
 32    1187E    (0)   29 :  0.011 0.191 0.026 0.034 0.038 0.040 0.661 
 33    1314A   (15)   193 :  0.017 0.827 0.054 0.038 0.026 0.020 0.018 
 34    1314B   (15)   193 :  0.107 0.146 0.054 0.477 0.047 0.108 0.061 
 35    1314C    (0)   193 :  0.205 0.020 0.054 0.445 0.106 0.110 0.060 
 36    1314D    (0)   193 :  0.043 0.038 0.164 0.094 0.450 0.128 0.083 
 37    1314E    (7)   193 :  0.029 0.512 0.139 0.093 0.036 0.060 0.132 
 38    1319A    (0)   62 :  0.058 0.054 0.056 0.372 0.089 0.097 0.274 
 39    1319B    (7)   62 :  0.085 0.069 0.037 0.628 0.044 0.045 0.093 
 40    1600A    (0)   29 :  0.058 0.027 0.031 0.779 0.026 0.039 0.040 
 41    1600B    (0)   29 :  0.056 0.045 0.279 0.255 0.059 0.239 0.068 
 42    1600C    (7)   29 :  0.047 0.174 0.107 0.031 0.441 0.133 0.067 
 43    1630A    (7)   193 :  0.049 0.036 0.149 0.027 0.521 0.159 0.059 
 44    1630B   (15)   193 :  0.014 0.866 0.029 0.016 0.041 0.018 0.016 
 45    1630C   (46)   193 :  0.136 0.029 0.351 0.064 0.198 0.083 0.140 
 46    1711A    (7)   286 :  0.029 0.018 0.019 0.050 0.043 0.043 0.797 
 47    1711B    (0)   286 :  0.036 0.021 0.029 0.025 0.039 0.055 0.795 
 48    1711C   (46)   286 :  0.026 0.846 0.032 0.026 0.037 0.019 0.014 
 49    1711D   (23)   286 :  0.487 0.021 0.056 0.093 0.135 0.177 0.032 
 50    1711E   (30)   286 :  0.665 0.011 0.118 0.038 0.069 0.034 0.063 
 51    1715A    (0)   205 :  0.052 0.113 0.118 0.038 0.598 0.061 0.019 
 52    1715B    (0)   205 :  0.085 0.023 0.089 0.032 0.695 0.052 0.023 
 53    1715C    (0)   205 :  0.032 0.044 0.190 0.018 0.136 0.450 0.129 
 54    1715D    (0)   205 :  0.071 0.007 0.056 0.758 0.017 0.042 0.050 
 55    1715E    (0)   205 :  0.078 0.026 0.161 0.131 0.502 0.087 0.014 
 56    1726A    (0)   205 :  0.035 0.024 0.031 0.036 0.802 0.046 0.026 
 57    1726B   (23)   205 :  0.029 0.096 0.577 0.080 0.072 0.094 0.051 
 58    1783A   (46)   205 :  0.057 0.015 0.037 0.061 0.721 0.074 0.035 
 59    1783B    (0)   205 :  0.098 0.029 0.186 0.053 0.341 0.094 0.199 
 60    1783C    (0)   205 :  0.117 0.038 0.119 0.064 0.455 0.138 0.070 
 61    1783D    (0)   205 :  0.044 0.016 0.037 0.044 0.810 0.035 0.015 
 62    1783E    (0)   205 :  0.047 0.032 0.624 0.056 0.024 0.183 0.034 
 63    2008C    (0)   62 :  0.176 0.012 0.110 0.032 0.309 0.290 0.071 
 64    2008D    (0)   62 :  0.063 0.030 0.133 0.357 0.055 0.292 0.070 
 65    2008E    (7)   62 :  0.630 0.075 0.037 0.042 0.068 0.060 0.088 
 66    2008F   (38)   62 :  0.032 0.477 0.130 0.122 0.136 0.048 0.055 
 67    2008G    (7)   62 :  0.220 0.016 0.143 0.290 0.170 0.096 0.066 
 68    2008H    (0)   62 :  0.020 0.861 0.032 0.019 0.018 0.023 0.026 
 69    2033A   (23)   328 :  0.264 0.024 0.212 0.035 0.124 0.211 0.131 
 70    2159A    (0)   328 :  0.153 0.693 0.025 0.041 0.020 0.030 0.038 
 71    2159B    (0)   328 :  0.016 0.936 0.009 0.013 0.008 0.009 0.008 
 72    2159C    (0)   328 :  0.112 0.038 0.224 0.414 0.070 0.123 0.020 
 73    2159D    (0)   328 :  0.016 0.943 0.008 0.009 0.008 0.008 0.008 
 74    2159E    (0)   328 :  0.045 0.117 0.029 0.049 0.404 0.084 0.273 
 75    2341B    (7)   62 :  0.391 0.015 0.030 0.193 0.013 0.021 0.337 
 76    2341C    (0)   62 :  0.031 0.017 0.395 0.041 0.192 0.300 0.024 
 77    2351A    (0)   62 :  0.057 0.038 0.090 0.074 0.030 0.267 0.444 
 78    2366A   (46)   122 :  0.055 0.201 0.415 0.029 0.079 0.118 0.103 
 79    2366B   (46)   122 :  0.071 0.034 0.038 0.067 0.631 0.099 0.061 
 80    2366C    (0)   122 :  0.021 0.015 0.705 0.050 0.106 0.088 0.015 
 81    2366D    (0)   122 :  0.023 0.041 0.542 0.026 0.014 0.310 0.044 
 82    2409A   (15)   122 :  0.020 0.017 0.022 0.042 0.051 0.027 0.821 
 83    2423C    (0)   205 :  0.051 0.131 0.272 0.313 0.124 0.088 0.022 
 84    2423D    (7)   205 :  0.087 0.016 0.029 0.760 0.039 0.039 0.030 
 85    2423E   (30)   205 :  0.060 0.015 0.162 0.145 0.086 0.349 0.183 
 86    2856A   (23)   22 :  0.026 0.016 0.095 0.020 0.384 0.137 0.322 
 87    2856B    (7)   22 :  0.110 0.056 0.525 0.025 0.080 0.183 0.022 
 88    2856C    (7)   22 :  0.079 0.035 0.049 0.034 0.059 0.092 0.652 
 89    2856E   (23)   22 :  0.122 0.038 0.037 0.627 0.027 0.076 0.075 
 90    3026A    (0)   17 :  0.021 0.033 0.102 0.039 0.178 0.610 0.018 
 91    3026B   (15)   17 :  0.090 0.044 0.148 0.325 0.023 0.274 0.096 
 92    3253A    (0)   205 :  0.754 0.017 0.066 0.070 0.025 0.028 0.040 
 93    3280A    (0)   328 :  0.654 0.015 0.053 0.084 0.033 0.063 0.099 
 94    3280B    (0)   328 :  0.069 0.060 0.051 0.571 0.021 0.155 0.073 
 95    3760C   (23)   122 :  0.006 0.005 0.048 0.009 0.007 0.921 0.005 
 96    4249A    (0)   193 :  0.037 0.037 0.579 0.057 0.037 0.226 0.028 
 97    4316A    (7)   17 :  0.077 0.022 0.399 0.050 0.069 0.263 0.120 
 98    4316B    (0)   17 :  0.036 0.023 0.111 0.431 0.074 0.277 0.049 
 99    4316C   (15)   17 :  0.025 0.032 0.129 0.483 0.137 0.172 0.023 
100    4316D   (15)   17 :  0.207 0.010 0.171 0.064 0.251 0.097 0.200 
101    4316E   (15)   17 :  0.030 0.020 0.337 0.237 0.041 0.275 0.059 
102    5597A   (23)   22 :  0.094 0.052 0.375 0.112 0.106 0.245 0.016 
103    5597B    (0)   22 :  0.764 0.013 0.035 0.031 0.065 0.052 0.040 
104    5597C    (0)   22 :  0.465 0.062 0.087 0.083 0.119 0.160 0.025 
105    5597D   (23)   22 :  0.066 0.051 0.057 0.129 0.617 0.032 0.048 
106    5637A    (0)   205 :  0.018 0.043 0.073 0.417 0.059 0.053 0.336 
107    5637C    (7)   205 :  0.052 0.098 0.035 0.109 0.538 0.133 0.036 
108    5637D   (38)   205 :  0.041 0.072 0.073 0.372 0.104 0.175 0.162 
109    5637E   (46)   205 :  0.071 0.034 0.157 0.128 0.033 0.053 0.524 
110    5637G   (46)   205 :  0.021 0.027 0.147 0.175 0.039 0.043 0.549 
111    5912A    (0)   286 :  0.038 0.014 0.091 0.092 0.053 0.108 0.604 
112    5912B    (0)   286 :  0.061 0.023 0.031 0.041 0.776 0.041 0.028 
113    5912C   (30)   286 :  0.027 0.015 0.056 0.058 0.063 0.032 0.748 
114    5912D   (30)   286 :  0.035 0.064 0.141 0.126 0.386 0.231 0.017 
115    5912E   (15)   286 :  0.069 0.046 0.059 0.086 0.564 0.144 0.032 
116    5954B   (38)   286 :  0.079 0.261 0.263 0.067 0.047 0.254 0.029 
117    5954C   (46)   286 :  0.039 0.283 0.072 0.273 0.118 0.046 0.168 
118    5954D   (46)   286 :  0.068 0.016 0.344 0.042 0.445 0.051 0.034 
119    5954E   (53)   286 :  0.014 0.008 0.579 0.023 0.176 0.160 0.039 
120    6136A    (0)   29 :  0.037 0.104 0.102 0.175 0.049 0.178 0.355 
121    6136B    (7)   29 :  0.024 0.031 0.119 0.307 0.020 0.459 0.041 
122    6136C   (15)   29 :  0.049 0.021 0.158 0.424 0.048 0.291 0.010 
123    6337A    (7)   328 :  0.418 0.009 0.028 0.014 0.014 0.033 0.483 
124    6337B    (0)   328 :  0.102 0.019 0.032 0.041 0.052 0.050 0.704 
125    6337C    (0)   328 :  0.025 0.018 0.042 0.046 0.071 0.111 0.687 
126    6337D   (15)   328 :  0.013 0.900 0.016 0.012 0.019 0.030 0.010 
127    6337E    (7)   328 :  0.039 0.420 0.066 0.107 0.057 0.263 0.048 
128    6382C    (0)   122 :  0.083 0.040 0.155 0.051 0.274 0.317 0.080 
129    6382E    (0)   122 :  0.129 0.084 0.221 0.379 0.039 0.127 0.020 
130    6382F   (46)   122 :  0.265 0.016 0.064 0.535 0.017 0.093 0.011 
131    6382G   (15)   122 :  0.100 0.028 0.096 0.028 0.046 0.666 0.036 
132    6514C    (0)   62 :  0.117 0.015 0.149 0.025 0.276 0.112 0.305 
133    6514E    (0)   62 :  0.032 0.074 0.039 0.095 0.585 0.085 0.090 
134    6514F    (0)   62 :  0.161 0.346 0.148 0.166 0.057 0.078 0.045 
135    6514G   (30)   62 :  0.026 0.015 0.317 0.019 0.528 0.057 0.039 
136    6514H   (15)   62 :  0.017 0.828 0.043 0.056 0.019 0.024 0.014 
137    6546B   (23)   328 :  0.061 0.011 0.289 0.217 0.028 0.238 0.155 
138    6546C   (30)   328 :  0.071 0.070 0.211 0.081 0.314 0.116 0.137 
139    6706A   (23)   193 :  0.055 0.092 0.110 0.398 0.124 0.157 0.065 
140    6706B   (30)   193 :  0.031 0.051 0.538 0.112 0.078 0.152 0.038 
141    6723B   (46)   22 :  0.302 0.027 0.046 0.357 0.094 0.144 0.030 


Estimated Allele Frequencies in each cluster
First column gives estimated ancestral frequencies


Locus 1 : 
8 alleles
3.5% missing data
 148   (0.676) 0.846 0.602 0.726 0.751 0.802 0.676 0.673 
 146   (0.124) 0.039 0.354 0.091 0.090 0.115 0.124 0.215 
 147   (0.097) 0.090 0.028 0.108 0.125 0.052 0.097 0.083 
 142   (0.026) 0.007 0.005 0.015 0.006 0.009 0.027 0.008 
 137   (0.014) 0.004 0.002 0.007 0.009 0.003 0.014 0.004 
 161   (0.028) 0.006 0.004 0.013 0.008 0.006 0.028 0.009 
 172   (0.016) 0.003 0.002 0.011 0.007 0.003 0.016 0.004 
 151   (0.017) 0.004 0.003 0.028 0.004 0.009 0.017 0.005 

Locus 2 : 
16 alleles
5.7% missing data
 197   (0.275) 0.540 0.333 0.258 0.378 0.231 0.276 0.267 
 205   (0.110) 0.055 0.025 0.115 0.156 0.137 0.110 0.119 
 199   (0.077) 0.038 0.018 0.117 0.042 0.114 0.077 0.074 
 201   (0.163) 0.086 0.318 0.238 0.165 0.146 0.163 0.109 
 203   (0.058) 0.026 0.012 0.078 0.058 0.019 0.058 0.191 
 213   (0.039) 0.112 0.007 0.022 0.014 0.019 0.039 0.057 
 227   (0.035) 0.021 0.139 0.016 0.017 0.010 0.035 0.010 
 221   (0.027) 0.007 0.102 0.010 0.009 0.033 0.027 0.009 
 211   (0.056) 0.035 0.013 0.069 0.083 0.101 0.056 0.019 
 215   (0.021) 0.005 0.006 0.010 0.006 0.007 0.021 0.067 
 217   (0.032) 0.032 0.006 0.017 0.015 0.027 0.032 0.050 
 193   (0.034) 0.013 0.007 0.017 0.015 0.100 0.034 0.009 
 191   (0.032) 0.020 0.007 0.015 0.016 0.045 0.032 0.010 
 219   (0.012) 0.004 0.003 0.005 0.012 0.003 0.012 0.004 
 241   (0.015) 0.003 0.002 0.005 0.003 0.003 0.015 0.003 
 207   (0.013) 0.003 0.002 0.006 0.011 0.005 0.013 0.003 

Locus 3 : 
9 alleles
12.8% missing data
 201   (0.257) 0.376 0.324 0.255 0.218 0.390 0.257 0.204 
 207   (0.336) 0.196 0.387 0.429 0.397 0.400 0.337 0.215 
 204   (0.208) 0.243 0.184 0.172 0.198 0.118 0.208 0.422 
 210   (0.107) 0.081 0.071 0.077 0.158 0.066 0.107 0.096 
 219   (0.017) 0.027 0.004 0.007 0.006 0.006 0.016 0.018 
 198   (0.021) 0.005 0.007 0.025 0.007 0.006 0.021 0.010 
 213   (0.017) 0.038 0.003 0.012 0.005 0.006 0.017 0.006 
 216   (0.019) 0.007 0.019 0.017 0.007 0.005 0.019 0.005 
 189   (0.017) 0.026 0.003 0.007 0.004 0.004 0.017 0.025 

Locus 4 : 
12 alleles
12.8% missing data
 138   (0.147) 0.143 0.147 0.113 0.206 0.093 0.148 0.051 
 140   (0.196) 0.147 0.138 0.247 0.132 0.126 0.197 0.432 
 132   (0.170) 0.303 0.165 0.151 0.152 0.162 0.171 0.122 
 154   (0.014) 0.004 0.005 0.008 0.006 0.005 0.014 0.004 
 142   (0.131) 0.120 0.047 0.098 0.215 0.165 0.130 0.231 
 134   (0.054) 0.021 0.048 0.115 0.025 0.054 0.054 0.044 
 128   (0.029) 0.007 0.198 0.014 0.009 0.013 0.029 0.012 
 136   (0.106) 0.119 0.028 0.153 0.087 0.220 0.106 0.045 
 144   (0.051) 0.023 0.110 0.044 0.103 0.015 0.051 0.017 
 146   (0.026) 0.015 0.006 0.014 0.019 0.007 0.025 0.023 
 152   (0.030) 0.014 0.095 0.015 0.017 0.018 0.030 0.009 
 130   (0.044) 0.085 0.013 0.029 0.029 0.121 0.044 0.012 

Locus 5 : 
9 alleles
16.3% missing data
 257   (0.377) 0.361 0.702 0.373 0.540 0.473 0.376 0.391 
 271   (0.051) 0.040 0.013 0.083 0.031 0.024 0.051 0.037 
 259   (0.334) 0.450 0.228 0.318 0.291 0.410 0.333 0.367 
 261   (0.087) 0.080 0.023 0.116 0.074 0.038 0.087 0.065 
 263   (0.019) 0.032 0.007 0.008 0.007 0.005 0.019 0.006 
 269   (0.019) 0.005 0.004 0.010 0.008 0.008 0.019 0.080 
 273   (0.082) 0.024 0.017 0.068 0.041 0.035 0.083 0.031 
 265   (0.016) 0.003 0.003 0.016 0.004 0.003 0.016 0.004 
 267   (0.015) 0.003 0.003 0.006 0.004 0.004 0.015 0.018 

Locus 6 : 
15 alleles
4.3% missing data
 147   (0.165) 0.078 0.612 0.207 0.165 0.165 0.165 0.154 
 141   (0.111) 0.340 0.022 0.113 0.106 0.081 0.110 0.165 
 149   (0.101) 0.119 0.062 0.056 0.051 0.202 0.101 0.140 
 159   (0.070) 0.033 0.014 0.045 0.116 0.028 0.070 0.131 
 137   (0.088) 0.055 0.022 0.062 0.193 0.035 0.089 0.132 
 139   (0.035) 0.019 0.007 0.055 0.015 0.008 0.035 0.032 
 161   (0.058) 0.072 0.016 0.062 0.026 0.131 0.058 0.022 
 151   (0.073) 0.035 0.015 0.085 0.051 0.168 0.073 0.047 
 153   (0.083) 0.083 0.027 0.112 0.045 0.062 0.084 0.055 
 165   (0.054) 0.024 0.010 0.062 0.053 0.054 0.054 0.035 
 145   (0.058) 0.067 0.165 0.042 0.069 0.031 0.058 0.022 
 135   (0.016) 0.004 0.003 0.006 0.007 0.004 0.016 0.012 
 157   (0.036) 0.010 0.014 0.065 0.021 0.010 0.036 0.033 
 143   (0.032) 0.057 0.007 0.019 0.077 0.017 0.031 0.008 
 155   (0.020) 0.005 0.003 0.009 0.005 0.004 0.020 0.012 

Locus 7 : 
4 alleles
2.1% missing data
 138   (0.767) 0.808 0.932 0.782 0.759 0.727 0.767 0.870 
 144   (0.067) 0.040 0.012 0.072 0.109 0.077 0.067 0.018 
 132   (0.152) 0.143 0.054 0.141 0.123 0.192 0.152 0.109 
 135   (0.014) 0.009 0.002 0.005 0.009 0.004 0.014 0.003 

Locus 8 : 
12 alleles
20.6% missing data
 276   (0.069) 0.024 0.104 0.071 0.056 0.101 0.069 0.019 
 286   (0.123) 0.093 0.078 0.141 0.208 0.055 0.123 0.162 
 278   (0.232) 0.161 0.296 0.215 0.135 0.422 0.233 0.248 
 270   (0.031) 0.012 0.008 0.018 0.033 0.010 0.031 0.017 
 280   (0.228) 0.242 0.181 0.210 0.284 0.216 0.229 0.311 
 266   (0.033) 0.015 0.013 0.018 0.022 0.023 0.032 0.127 
 282   (0.130) 0.322 0.116 0.156 0.180 0.054 0.130 0.062 
 274   (0.027) 0.008 0.018 0.015 0.011 0.057 0.027 0.007 
 290   (0.029) 0.070 0.006 0.037 0.017 0.027 0.028 0.018 
 284   (0.037) 0.035 0.009 0.038 0.035 0.013 0.037 0.011 
 288   (0.038) 0.011 0.168 0.050 0.015 0.014 0.038 0.012 
 272   (0.021) 0.006 0.004 0.031 0.006 0.008 0.021 0.005 

Locus 9 : 
15 alleles
3.5% missing data
 146   (0.425) 0.438 0.544 0.548 0.486 0.536 0.426 0.438 
 178   (0.032) 0.008 0.007 0.057 0.009 0.007 0.032 0.013 
 170   (0.042) 0.043 0.034 0.033 0.092 0.012 0.042 0.011 
 166   (0.069) 0.047 0.017 0.047 0.064 0.068 0.069 0.065 
 172   (0.057) 0.059 0.019 0.034 0.026 0.105 0.057 0.024 
 168   (0.074) 0.184 0.090 0.041 0.088 0.045 0.074 0.075 
 162   (0.018) 0.009 0.003 0.015 0.005 0.005 0.018 0.015 
 148   (0.074) 0.045 0.036 0.063 0.125 0.090 0.074 0.135 
 160   (0.059) 0.097 0.130 0.039 0.040 0.023 0.059 0.134 
 174   (0.029) 0.015 0.006 0.055 0.015 0.008 0.029 0.008 
 158   (0.032) 0.029 0.096 0.014 0.009 0.013 0.032 0.008 
 154   (0.034) 0.013 0.007 0.018 0.017 0.066 0.034 0.048 
 164   (0.013) 0.003 0.002 0.007 0.003 0.004 0.013 0.004 
 180   (0.014) 0.003 0.002 0.005 0.003 0.003 0.014 0.003 
 142   (0.026) 0.009 0.006 0.023 0.018 0.014 0.026 0.018 

Locus 10 : 
7 alleles
5.0% missing data
 158   (0.773) 0.818 0.784 0.829 0.884 0.911 0.772 0.845 
 160   (0.114) 0.146 0.172 0.113 0.072 0.035 0.114 0.126 
 154   (0.028) 0.015 0.006 0.016 0.008 0.010 0.028 0.010 
 156   (0.023) 0.007 0.006 0.013 0.011 0.031 0.023 0.006 
 152   (0.034) 0.007 0.006 0.016 0.018 0.007 0.035 0.007 
 144   (0.015) 0.003 0.025 0.006 0.003 0.003 0.015 0.003 
 162   (0.013) 0.004 0.002 0.006 0.003 0.003 0.013 0.003 

Locus 11 : 
14 alleles
29.1% missing data
 214   (0.146) 0.116 0.046 0.301 0.151 0.116 0.146 0.065 
 220   (0.138) 0.073 0.317 0.157 0.149 0.129 0.138 0.126 
 210   (0.083) 0.246 0.043 0.074 0.052 0.084 0.083 0.057 
 218   (0.295) 0.391 0.340 0.224 0.389 0.306 0.295 0.488 
 192   (0.015) 0.004 0.003 0.007 0.005 0.004 0.015 0.008 
 194   (0.016) 0.004 0.003 0.007 0.005 0.005 0.016 0.008 
 212   (0.034) 0.020 0.068 0.018 0.027 0.030 0.034 0.017 
 222   (0.093) 0.070 0.077 0.062 0.131 0.192 0.093 0.072 
 224   (0.019) 0.007 0.004 0.009 0.007 0.007 0.019 0.039 
 216   (0.084) 0.046 0.050 0.100 0.043 0.100 0.084 0.098 
 200   (0.016) 0.004 0.003 0.007 0.004 0.004 0.016 0.004 
 204   (0.016) 0.004 0.003 0.007 0.004 0.004 0.016 0.004 
 188   (0.031) 0.010 0.038 0.019 0.027 0.010 0.032 0.011 
 208   (0.014) 0.005 0.004 0.009 0.004 0.009 0.014 0.005 

Locus 12 : 
17 alleles
18.4% missing data
 144   (0.033) 0.013 0.039 0.076 0.013 0.010 0.033 0.012 
 162   (0.038) 0.024 0.012 0.077 0.038 0.012 0.038 0.013 
 170   (0.043) 0.053 0.010 0.032 0.018 0.035 0.043 0.048 
 148   (0.092) 0.041 0.195 0.080 0.119 0.140 0.092 0.097 
 142   (0.067) 0.024 0.045 0.066 0.027 0.105 0.066 0.256 
 154   (0.053) 0.016 0.043 0.036 0.017 0.048 0.053 0.051 
 146   (0.341) 0.410 0.490 0.332 0.511 0.470 0.341 0.303 
 164   (0.057) 0.030 0.021 0.068 0.020 0.051 0.057 0.034 
 168   (0.031) 0.019 0.005 0.022 0.038 0.008 0.031 0.010 
 156   (0.053) 0.237 0.099 0.027 0.021 0.027 0.053 0.070 
 172   (0.038) 0.045 0.010 0.022 0.059 0.018 0.038 0.018 
 166   (0.058) 0.043 0.014 0.077 0.042 0.032 0.058 0.060 
 158   (0.030) 0.015 0.005 0.016 0.050 0.007 0.030 0.007 
 150   (0.013) 0.015 0.003 0.006 0.005 0.005 0.013 0.003 
 174   (0.014) 0.003 0.002 0.006 0.004 0.003 0.014 0.003 
 182   (0.015) 0.004 0.003 0.008 0.012 0.004 0.015 0.004 
 160   (0.025) 0.008 0.004 0.050 0.007 0.026 0.024 0.012 

Locus 13 : 
15 alleles
31.2% missing data
 285   (0.302) 0.394 0.448 0.389 0.209 0.289 0.302 0.276 
 291   (0.126) 0.195 0.078 0.151 0.067 0.312 0.126 0.056 
 289   (0.178) 0.165 0.080 0.132 0.406 0.140 0.178 0.205 
 277   (0.047) 0.017 0.020 0.049 0.021 0.062 0.047 0.019 
 273   (0.037) 0.032 0.008 0.017 0.011 0.017 0.037 0.302 
 293   (0.041) 0.014 0.012 0.028 0.130 0.019 0.041 0.021 
 287   (0.043) 0.015 0.278 0.046 0.020 0.014 0.043 0.025 
 295   (0.053) 0.024 0.014 0.066 0.019 0.077 0.054 0.017 
 301   (0.017) 0.006 0.004 0.009 0.005 0.015 0.017 0.005 
 303   (0.023) 0.062 0.005 0.012 0.012 0.011 0.023 0.009 
 279   (0.029) 0.015 0.009 0.033 0.032 0.011 0.029 0.008 
 181   (0.015) 0.006 0.004 0.007 0.005 0.005 0.015 0.020 
 283   (0.039) 0.014 0.027 0.028 0.013 0.011 0.040 0.011 
 281   (0.018) 0.026 0.004 0.008 0.006 0.006 0.018 0.005 
 297   (0.031) 0.014 0.008 0.026 0.044 0.010 0.031 0.021 

Values of parameters used in structure:
DATAFILE=bws18_structure.txt,	OUTFILE=bws18_structurek7_results,	NUMINDS=141,	NUMLOCI=13,	MISSING=-9,	LABEL=1,	POPDATA=1,	POPFLAG=0,	PHENOTYPE=0,	EXTRACOLS=0,	MAXPOPS=7,	BURNIN=10000,	NUMREPS=20000,	USEPOPINFO=0,	INFERALPHA=1,	INFERLAMBDA=0,	POPSPECIFICLAMBDA=0,	POPALPHAS=0,	COMPUTEPROB=1,	NOADMIX=0,	ADMBURNIN=500,	UPDATEFREQ=100,	PRINTLIKES=0,	INTERMEDSAVE=0,	PRINTKLD=0,	PRINTNET=1,	PRINTLAMBDA=1,	ANCESTDIST=0,	NUMBOXES=1000,	ANCESTPINT=0.90000,	GENSBACK=2,	MIGRPRIOR=0.01000,	PRINTQHAT=0,	PRINTQSUM=1,	ALPHA=1.0000,	FREQSCORR=1,	FPRIORMEAN=0.0100,	FPRIORSD=0.0500,	ONEFST=0,	LAMBDA=1.0000,	UNIFPRIORALPHA=1,	ALPHAMAX=10.0000,	ALPHAPRIORA=1.0000,	ALPHAPRIORB=2.0000,	ALPHAPROPSD=0.0250,	STARTATPOPINFO=0,	RANDOMIZE=1,	LINKAGE=0,	METROFREQ=10,	REPORTHITRATE=0,	MARKOVPHASE=0,	PHASED=0,	PLOIDY=2,	PHASEINFO=0	LOCPRIOR=0, 	LOCPRIORINIT=1.000000, 	LOCDATA=0, 	LOCISPOP=1, 	LOCPRIORSTEP=0.100000, 	MAXLOCPRIOR=20.000000, 	SEED=1680179629,	
[STRAT parameters]:    NUMSIMSTATS=1000,	PHENOTYPECOL=-9,	POOLFREQ=10,	LOCUSxONLY=0,	EMERROR=0.00100,	MISSINGPHENO=-9,	