

----------------------------------------------------
STRUCTURE by Pritchard, Stephens and Donnelly (2000)
     and Falush, Stephens and Pritchard (2003)
       Code by Pritchard, Falush and Hubisz
             Version 2.3.4 (Jul 2012)
----------------------------------------------------



Command line arguments:   ./structure -m mainparams_bws18_k4_3 
Input File:    bws18_structure.txt

Run parameters:
   136 individuals
   13 loci
   4 populations assumed
   10000 Burn-in period
   20000 Reps


--------------------------------------------
Proportion of membership of each pre-defined
 population in each of the 4 clusters

Given    Inferred Clusters              Number of
 Pop       1      2      3      4      Individuals

 17:     0.267  0.315  0.386  0.032       18
 22:     0.176  0.339  0.257  0.228       11
 29:     0.277  0.389  0.278  0.056       13
 62:     0.241  0.443  0.217  0.100       20
122:     0.285  0.337  0.161  0.217       14
193:     0.229  0.316  0.181  0.274       14
205:     0.197  0.500  0.165  0.138       19
286:     0.194  0.206  0.098  0.501       13
328:     0.356  0.392  0.177  0.076       14
--------------------------------------------

Allele-freq. divergence among pops (Net nucleotide distance),
computed using point estimates of P.

      1       2       3       4      
 1      -    0.0066  0.0487  0.1552  
 2   0.0066     -    0.0587  0.1722  
 3   0.0487  0.0587     -    0.1119  
 4   0.1552  0.1722  0.1119     -    

Average distances (expected heterozygosity) between individuals in same cluster:
cluster  1  : 0.7362 
cluster  2  : 0.6850 
cluster  3  : 0.6624 
cluster  4  : 0.5588 

--------------------------------------------
Estimated Ln Prob of Data   = -5867.3
Mean value of ln likelihood = -5589.2
Variance of ln likelihood   = 556.2
Mean value of alpha         = 0.0907

Mean value of Fst_1         = 0.0321
Mean value of Fst_2         = 0.0594
Mean value of Fst_3         = 0.1122
Mean value of Fst_4         = 0.2656


Inferred ancestry of individuals:
        Label (%Miss) Pop:  Inferred clusters
  1    0079C    (0)   17 :  0.450 0.528 0.014 0.008 
  2    0079D    (0)   17 :  0.119 0.852 0.022 0.007 
  3    0079E    (0)   17 :  0.042 0.028 0.916 0.015 
  4    0079G    (0)   17 :  0.275 0.696 0.020 0.010 
  5    0082A    (0)   17 :  0.827 0.111 0.056 0.006 
  6    0082B    (0)   17 :  0.580 0.388 0.020 0.013 
  7    0082C    (0)   17 :  0.169 0.130 0.412 0.289 
  8    0082D    (0)   17 :  0.015 0.017 0.958 0.010 
  9    0121B    (0)   22 :  0.056 0.034 0.473 0.437 
 10    0121C    (0)   22 :  0.131 0.850 0.012 0.007 
 11    0147A    (0)   29 :  0.009 0.010 0.746 0.235 
 12    0147B    (0)   29 :  0.095 0.608 0.251 0.046 
 13    0147D    (0)   29 :  0.022 0.019 0.856 0.103 
 14    0167A    (0)   17 :  0.087 0.894 0.012 0.007 
 15    0167B    (0)   17 :  0.207 0.065 0.722 0.007 
 16    0167C    (0)   17 :  0.626 0.343 0.025 0.006 
 17    0309A    (0)   62 :  0.154 0.804 0.034 0.007 
 18    0309C    (0)   62 :  0.247 0.728 0.018 0.008 
 19    0309D    (0)   62 :  0.059 0.062 0.423 0.456 
 20    0309E    (0)   62 :  0.020 0.066 0.900 0.014 
 21    0625A    (0)   122 :  0.210 0.333 0.437 0.020 
 22    0625B    (0)   122 :  0.351 0.466 0.176 0.007 
 23    0625C    (0)   122 :  0.423 0.556 0.014 0.007 
 24    0625D    (0)   122 :  0.139 0.842 0.012 0.007 
 25    1029C    (0)   193 :  0.046 0.233 0.561 0.159 
 26    1029D    (0)   193 :  0.015 0.022 0.796 0.167 
 27    1029G    (0)   193 :  0.025 0.019 0.120 0.836 
 28    1187B    (0)   29 :  0.406 0.565 0.019 0.010 
 29    1187C    (0)   29 :  0.090 0.821 0.082 0.007 
 30    1187D    (0)   29 :  0.102 0.093 0.794 0.011 
 31    1187E    (0)   29 :  0.636 0.336 0.020 0.008 
 32    1314A    (0)   193 :  0.352 0.264 0.196 0.188 
 33    1314B    (0)   193 :  0.785 0.141 0.023 0.052 
 34    1314C    (0)   193 :  0.148 0.799 0.046 0.007 
 35    1314D    (0)   193 :  0.077 0.904 0.013 0.007 
 36    1314E    (0)   193 :  0.561 0.253 0.072 0.114 
 37    1319A    (0)   62 :  0.381 0.574 0.037 0.008 
 38    1319B    (0)   62 :  0.203 0.549 0.229 0.019 
 39    1600A    (0)   29 :  0.419 0.524 0.048 0.009 
 40    1600B    (0)   29 :  0.202 0.772 0.019 0.007 
 41    1600C    (0)   29 :  0.334 0.582 0.046 0.038 
 42    1630A    (0)   193 :  0.307 0.491 0.110 0.092 
 43    1630B    (0)   193 :  0.209 0.298 0.233 0.260 
 44    1630C    (0)   193 :  0.025 0.029 0.179 0.766 
 45    1711A    (0)   286 :  0.527 0.348 0.068 0.057 
 46    1711B    (0)   286 :  0.548 0.428 0.017 0.007 
 47    1711C    (0)   286 :  0.026 0.014 0.200 0.760 
 48    1711D    (0)   286 :  0.226 0.315 0.076 0.383 
 49    1711E    (0)   286 :  0.030 0.020 0.754 0.197 
 50    1715B    (0)   205 :  0.130 0.845 0.017 0.008 
 51    1715C    (0)   205 :  0.670 0.285 0.038 0.008 
 52    1715D    (0)   205 :  0.196 0.781 0.014 0.008 
 53    1715E    (0)   205 :  0.177 0.784 0.028 0.010 
 54    1726A    (0)   205 :  0.167 0.792 0.027 0.014 
 55    1726B    (0)   205 :  0.056 0.054 0.777 0.113 
 56    1783A    (0)   205 :  0.009 0.009 0.010 0.972 
 57    1783B    (0)   205 :  0.231 0.713 0.045 0.011 
 58    1783C    (0)   205 :  0.170 0.787 0.033 0.010 
 59    1783D    (0)   205 :  0.063 0.914 0.013 0.010 
 60    1783E    (0)   205 :  0.546 0.435 0.012 0.007 
 61    2008C    (0)   62 :  0.095 0.881 0.018 0.006 
 62    2008D    (0)   62 :  0.321 0.641 0.030 0.008 
 63    2008E    (0)   62 :  0.222 0.694 0.024 0.060 
 64    2008F    (0)   62 :  0.020 0.024 0.329 0.627 
 65    2008G    (0)   62 :  0.164 0.320 0.475 0.041 
 66    2008H    (0)   62 :  0.574 0.380 0.038 0.008 
 67    2033A    (0)   328 :  0.701 0.120 0.011 0.169 
 68    2159A    (0)   328 :  0.296 0.580 0.116 0.008 
 69    2159B    (0)   328 :  0.340 0.630 0.023 0.006 
 70    2159C    (0)   328 :  0.235 0.718 0.038 0.009 
 71    2159E    (0)   328 :  0.250 0.730 0.014 0.006 
 72    2341B    (0)   62 :  0.164 0.099 0.726 0.010 
 73    2341C    (0)   62 :  0.342 0.631 0.018 0.009 
 74    2351A    (0)   62 :  0.751 0.172 0.072 0.005 
 75    2366A    (0)   122 :  0.052 0.032 0.014 0.902 
 76    2366B    (0)   122 :  0.010 0.012 0.011 0.967 
 77    2366C    (0)   122 :  0.403 0.575 0.014 0.008 
 78    2366D    (0)   122 :  0.716 0.255 0.022 0.007 
 79    2409A    (0)   122 :  0.151 0.072 0.738 0.040 
 80    2423C    (0)   205 :  0.143 0.820 0.023 0.015 
 81    2423D    (0)   205 :  0.158 0.548 0.275 0.018 
 82    2423E    (0)   205 :  0.109 0.031 0.729 0.131 
 83    2856A    (0)   22 :  0.349 0.222 0.085 0.343 
 84    2856B    (0)   22 :  0.410 0.517 0.041 0.032 
 85    2856C    (0)   22 :  0.487 0.293 0.195 0.026 
 86    2856E    (0)   22 :  0.032 0.031 0.922 0.015 
 87    3026A    (0)   17 :  0.371 0.560 0.060 0.009 
 88    3026B    (0)   17 :  0.128 0.094 0.769 0.010 
 89    3253A    (0)   205 :  0.138 0.841 0.011 0.010 
 90    3280A    (0)   328 :  0.307 0.636 0.049 0.008 
 91    3280B    (0)   328 :  0.541 0.397 0.054 0.007 
 92    3760C    (0)   122 :  0.719 0.009 0.013 0.259 
 93    4249A    (0)   193 :  0.451 0.503 0.038 0.008 
 94    4316A    (0)   17 :  0.223 0.196 0.575 0.006 
 95    4316B    (0)   17 :  0.365 0.605 0.024 0.007 
 96    4316C    (0)   17 :  0.250 0.098 0.506 0.147 
 97    4316D    (0)   17 :  0.030 0.046 0.916 0.008 
 98    4316E    (0)   17 :  0.045 0.028 0.919 0.008 
 99    5597A    (0)   22 :  0.030 0.031 0.898 0.041 
100    5597B    (0)   22 :  0.181 0.775 0.035 0.008 
101    5597C    (0)   22 :  0.201 0.760 0.033 0.007 
102    5597D    (0)   22 :  0.054 0.204 0.129 0.614 
103    5637A    (0)   205 :  0.478 0.254 0.256 0.013 
104    5637C    (0)   205 :  0.245 0.554 0.040 0.160 
105    5637D    (0)   205 :  0.027 0.038 0.392 0.543 
106    5637E    (0)   205 :  0.028 0.012 0.403 0.557 
107    5912A    (0)   286 :  0.627 0.337 0.027 0.009 
108    5912B    (0)   286 :  0.064 0.915 0.013 0.008 
109    5912C    (0)   286 :  0.383 0.186 0.009 0.422 
110    5912D    (0)   286 :  0.037 0.068 0.030 0.865 
111    5954B    (0)   286 :  0.015 0.010 0.006 0.969 
112    5954C    (0)   286 :  0.013 0.014 0.022 0.951 
113    5954D    (0)   286 :  0.013 0.021 0.050 0.916 
114    5954E    (0)   286 :  0.011 0.009 0.007 0.974 
115    6136A    (0)   29 :  0.592 0.345 0.053 0.010 
116    6136B    (0)   29 :  0.336 0.027 0.628 0.010 
117    6136C    (0)   29 :  0.362 0.351 0.045 0.242 
118    6337A    (0)   328 :  0.432 0.371 0.155 0.042 
119    6337B    (0)   328 :  0.460 0.522 0.012 0.006 
120    6337C    (0)   328 :  0.562 0.399 0.031 0.008 
121    6337D    (0)   328 :  0.172 0.115 0.600 0.113 
122    6337E    (0)   328 :  0.135 0.073 0.774 0.018 
123    6382C    (0)   122 :  0.135 0.841 0.017 0.008 
124    6382E    (0)   122 :  0.407 0.568 0.016 0.009 
125    6382F    (0)   122 :  0.121 0.067 0.042 0.770 
126    6382G    (0)   122 :  0.160 0.092 0.727 0.022 
127    6514C    (0)   62 :  0.389 0.548 0.032 0.031 
128    6514E    (0)   62 :  0.158 0.802 0.019 0.021 
129    6514F    (0)   62 :  0.404 0.556 0.031 0.009 
130    6514G    (0)   62 :  0.081 0.299 0.010 0.610 
131    6514H    (0)   62 :  0.062 0.032 0.869 0.038 
132    6546B    (0)   328 :  0.481 0.112 0.061 0.346 
133    6546C    (0)   328 :  0.070 0.078 0.540 0.311 
134    6706A    (0)   193 :  0.106 0.275 0.109 0.510 
135    6706B    (0)   193 :  0.093 0.197 0.043 0.667 
136    6723B    (0)   22 :  0.008 0.008 0.009 0.975 


Estimated Allele Frequencies in each cluster
First column gives estimated ancestral frequencies


Locus 1 : 
9 alleles
0.0% missing data
 148   (0.608) 0.654 0.735 0.778 0.582 
 146   (0.149) 0.169 0.141 0.112 0.086 
 147   (0.097) 0.088 0.090 0.052 0.079 
   0   (0.025) 0.010 0.004 0.010 0.198 
 142   (0.033) 0.025 0.012 0.014 0.002 
 137   (0.020) 0.010 0.008 0.003 0.001 
 161   (0.030) 0.030 0.005 0.013 0.009 
 172   (0.018) 0.007 0.003 0.016 0.001 
 151   (0.020) 0.007 0.003 0.002 0.042 

Locus 2 : 
17 alleles
0.0% missing data
 197   (0.234) 0.287 0.362 0.357 0.122 
 205   (0.101) 0.109 0.132 0.035 0.113 
 199   (0.075) 0.061 0.058 0.070 0.125 
 201   (0.154) 0.183 0.135 0.193 0.162 
 203   (0.066) 0.085 0.025 0.118 0.011 
 213   (0.041) 0.046 0.054 0.006 0.003 
 227   (0.036) 0.021 0.013 0.076 0.008 
 221   (0.034) 0.024 0.032 0.011 0.003 
 211   (0.054) 0.038 0.064 0.084 0.004 
 215   (0.028) 0.034 0.017 0.004 0.002 
   0   (0.019) 0.007 0.003 0.004 0.342 
 217   (0.036) 0.028 0.039 0.011 0.003 
 191   (0.033) 0.021 0.029 0.012 0.015 
 193   (0.035) 0.019 0.027 0.005 0.081 
 219   (0.018) 0.011 0.006 0.003 0.001 
 241   (0.018) 0.015 0.002 0.002 0.003 
 207   (0.019) 0.010 0.003 0.009 0.003 

Locus 3 : 
10 alleles
0.0% missing data
 201   (0.245) 0.251 0.352 0.237 0.035 
 207   (0.296) 0.296 0.373 0.300 0.113 
 204   (0.210) 0.290 0.149 0.288 0.026 
   0   (0.025) 0.010 0.004 0.005 0.734 
 210   (0.109) 0.092 0.092 0.111 0.021 
 219   (0.023) 0.009 0.004 0.018 0.017 
 198   (0.026) 0.019 0.011 0.004 0.002 
 213   (0.022) 0.008 0.003 0.028 0.007 
 216   (0.021) 0.007 0.003 0.003 0.044 
 189   (0.023) 0.018 0.009 0.007 0.002 

Locus 4 : 
13 alleles
0.0% missing data
 138   (0.114) 0.115 0.124 0.165 0.013 
 140   (0.180) 0.272 0.166 0.210 0.023 
 132   (0.136) 0.121 0.188 0.077 0.232 
 154   (0.018) 0.009 0.008 0.002 0.001 
 142   (0.129) 0.151 0.116 0.148 0.086 
 134   (0.051) 0.032 0.030 0.018 0.152 
 128   (0.041) 0.031 0.014 0.046 0.052 
   0   (0.078) 0.060 0.031 0.180 0.403 
 136   (0.092) 0.078 0.155 0.085 0.013 
 144   (0.067) 0.063 0.049 0.052 0.007 
 146   (0.029) 0.024 0.017 0.004 0.002 
 152   (0.026) 0.016 0.029 0.005 0.005 
 130   (0.040) 0.028 0.073 0.008 0.010 

Locus 5 : 
10 alleles
0.0% missing data
 257   (0.361) 0.405 0.509 0.188 0.222 
 271   (0.051) 0.044 0.056 0.008 0.011 
 259   (0.304) 0.319 0.340 0.325 0.135 
   0   (0.065) 0.037 0.014 0.213 0.604 
 261   (0.060) 0.047 0.018 0.186 0.010 
 263   (0.022) 0.007 0.003 0.032 0.002 
 269   (0.030) 0.036 0.013 0.004 0.006 
 273   (0.068) 0.079 0.036 0.039 0.008 
 265   (0.019) 0.014 0.005 0.003 0.001 
 267   (0.019) 0.012 0.006 0.003 0.001 

Locus 6 : 
16 alleles
0.0% missing data
 147   (0.161) 0.199 0.173 0.215 0.247 
 141   (0.107) 0.104 0.143 0.186 0.057 
 149   (0.091) 0.078 0.117 0.108 0.102 
 159   (0.059) 0.065 0.040 0.134 0.005 
 137   (0.091) 0.107 0.095 0.095 0.024 
 139   (0.037) 0.049 0.022 0.010 0.003 
 161   (0.062) 0.036 0.064 0.082 0.044 
 151   (0.057) 0.047 0.111 0.015 0.078 
 153   (0.079) 0.082 0.071 0.038 0.078 
 165   (0.052) 0.047 0.035 0.049 0.020 
 145   (0.062) 0.072 0.064 0.018 0.039 
 135   (0.017) 0.006 0.003 0.004 0.017 
 157   (0.043) 0.041 0.026 0.033 0.003 
   0   (0.027) 0.021 0.005 0.004 0.186 
 143   (0.036) 0.020 0.028 0.007 0.095 
 155   (0.020) 0.025 0.004 0.003 0.002 

Locus 7 : 
5 alleles
0.0% missing data
 138   (0.712) 0.747 0.790 0.812 0.754 
 144   (0.081) 0.049 0.065 0.078 0.043 
 132   (0.151) 0.130 0.135 0.103 0.175 
   0   (0.037) 0.066 0.008 0.005 0.007 
 135   (0.019) 0.007 0.003 0.002 0.021 

Locus 8 : 
13 alleles
0.0% missing data
 276   (0.057) 0.053 0.063 0.023 0.005 
 286   (0.124) 0.158 0.139 0.063 0.010 
 278   (0.195) 0.220 0.259 0.170 0.036 
 270   (0.030) 0.016 0.007 0.053 0.002 
 280   (0.187) 0.207 0.235 0.263 0.031 
 266   (0.045) 0.052 0.036 0.022 0.003 
   0   (0.068) 0.066 0.024 0.080 0.876 
 282   (0.123) 0.120 0.157 0.142 0.016 
 274   (0.029) 0.014 0.018 0.019 0.002 
 290   (0.034) 0.014 0.010 0.082 0.006 
 284   (0.041) 0.034 0.023 0.012 0.010 
 288   (0.045) 0.032 0.018 0.068 0.003 
 272   (0.022) 0.016 0.012 0.003 0.001 

Locus 9 : 
16 alleles
0.0% missing data
 146   (0.358) 0.432 0.502 0.474 0.434 
 178   (0.032) 0.046 0.016 0.004 0.002 
 170   (0.056) 0.046 0.028 0.064 0.025 
 166   (0.062) 0.060 0.090 0.023 0.016 
 172   (0.043) 0.026 0.060 0.073 0.004 
 168   (0.071) 0.056 0.069 0.162 0.015 
 162   (0.023) 0.025 0.005 0.003 0.002 
 148   (0.066) 0.055 0.059 0.026 0.244 
 160   (0.074) 0.094 0.083 0.042 0.011 
 174   (0.039) 0.032 0.026 0.014 0.002 
 158   (0.038) 0.024 0.017 0.054 0.004 
   0   (0.027) 0.012 0.005 0.025 0.169 
 154   (0.049) 0.035 0.025 0.025 0.062 
 164   (0.019) 0.013 0.005 0.003 0.001 
 180   (0.016) 0.014 0.002 0.002 0.002 
 142   (0.027) 0.030 0.008 0.005 0.006 

Locus 10 : 
8 alleles
0.0% missing data
 158   (0.731) 0.788 0.869 0.783 0.648 
 160   (0.119) 0.117 0.101 0.135 0.012 
 154   (0.031) 0.015 0.009 0.034 0.002 
 156   (0.021) 0.007 0.003 0.003 0.062 
 152   (0.032) 0.040 0.005 0.019 0.004 
   0   (0.027) 0.015 0.005 0.005 0.269 
 144   (0.021) 0.009 0.004 0.011 0.002 
 162   (0.018) 0.008 0.003 0.012 0.001 

Locus 11 : 
15 alleles
0.0% missing data
 214   (0.128) 0.134 0.137 0.062 0.049 
 220   (0.128) 0.159 0.159 0.052 0.008 
 210   (0.077) 0.065 0.127 0.020 0.006 
 218   (0.236) 0.310 0.343 0.203 0.014 
 192   (0.019) 0.007 0.003 0.017 0.001 
 194   (0.017) 0.006 0.003 0.016 0.001 
 212   (0.041) 0.031 0.024 0.019 0.007 
   0   (0.081) 0.052 0.020 0.422 0.884 
 222   (0.090) 0.079 0.087 0.096 0.008 
 224   (0.027) 0.018 0.007 0.013 0.005 
 216   (0.074) 0.084 0.071 0.020 0.011 
 200   (0.021) 0.016 0.003 0.003 0.002 
 204   (0.018) 0.015 0.003 0.002 0.002 
 188   (0.025) 0.017 0.004 0.052 0.001 
 208   (0.019) 0.008 0.010 0.003 0.001 

Locus 12 : 
18 alleles
0.0% missing data
 144   (0.041) 0.032 0.021 0.006 0.054 
 162   (0.041) 0.040 0.037 0.006 0.013 
 170   (0.037) 0.032 0.047 0.006 0.003 
   0   (0.053) 0.025 0.013 0.594 0.197 
 148   (0.088) 0.087 0.092 0.034 0.100 
 142   (0.086) 0.110 0.092 0.034 0.049 
 154   (0.043) 0.057 0.025 0.008 0.007 
 146   (0.286) 0.344 0.396 0.199 0.417 
 164   (0.038) 0.041 0.057 0.005 0.003 
 168   (0.028) 0.016 0.027 0.010 0.002 
 156   (0.065) 0.051 0.079 0.057 0.014 
 172   (0.037) 0.039 0.026 0.010 0.012 
 166   (0.049) 0.051 0.053 0.015 0.014 
 158   (0.030) 0.029 0.011 0.005 0.030 
 150   (0.017) 0.009 0.006 0.003 0.006 
 174   (0.019) 0.015 0.003 0.002 0.003 
 182   (0.019) 0.010 0.007 0.002 0.001 
 160   (0.024) 0.012 0.007 0.003 0.074 

Locus 13 : 
16 alleles
0.0% missing data
 285   (0.261) 0.326 0.305 0.114 0.084 
 291   (0.111) 0.098 0.163 0.046 0.013 
 289   (0.118) 0.162 0.243 0.019 0.009 
   0   (0.079) 0.039 0.018 0.669 0.770 
 277   (0.038) 0.029 0.033 0.005 0.004 
 273   (0.052) 0.095 0.053 0.012 0.004 
 293   (0.045) 0.043 0.012 0.071 0.003 
 287   (0.063) 0.052 0.039 0.012 0.022 
 295   (0.046) 0.037 0.055 0.007 0.003 
 301   (0.023) 0.011 0.008 0.004 0.002 
 303   (0.030) 0.020 0.017 0.006 0.009 
 279   (0.035) 0.018 0.017 0.018 0.002 
 181   (0.022) 0.013 0.006 0.005 0.002 
 283   (0.027) 0.018 0.004 0.003 0.067 
 281   (0.018) 0.008 0.009 0.003 0.001 
 297   (0.031) 0.031 0.020 0.005 0.004 

Values of parameters used in structure:
DATAFILE=bws18_structure.txt,	OUTFILE=bws18_structurek4_3_results,	NUMINDS=136,	NUMLOCI=13,	MISSING=-9,	LABEL=1,	POPDATA=1,	POPFLAG=0,	PHENOTYPE=0,	EXTRACOLS=0,	MAXPOPS=4,	BURNIN=10000,	NUMREPS=20000,	USEPOPINFO=0,	INFERALPHA=1,	INFERLAMBDA=0,	POPSPECIFICLAMBDA=0,	POPALPHAS=0,	COMPUTEPROB=1,	NOADMIX=0,	ADMBURNIN=500,	UPDATEFREQ=100,	PRINTLIKES=0,	INTERMEDSAVE=0,	PRINTKLD=0,	PRINTNET=1,	PRINTLAMBDA=1,	ANCESTDIST=0,	NUMBOXES=1000,	ANCESTPINT=0.90000,	GENSBACK=2,	MIGRPRIOR=0.01000,	PRINTQHAT=0,	PRINTQSUM=1,	ALPHA=1.0000,	FREQSCORR=1,	FPRIORMEAN=0.0100,	FPRIORSD=0.0500,	ONEFST=0,	LAMBDA=1.0000,	UNIFPRIORALPHA=1,	ALPHAMAX=10.0000,	ALPHAPRIORA=1.0000,	ALPHAPRIORB=2.0000,	ALPHAPROPSD=0.0250,	STARTATPOPINFO=0,	RANDOMIZE=1,	LINKAGE=0,	METROFREQ=10,	REPORTHITRATE=0,	MARKOVPHASE=0,	PHASED=0,	PLOIDY=2,	PHASEINFO=0	LOCPRIOR=0, 	LOCPRIORINIT=1.000000, 	LOCDATA=0, 	LOCISPOP=1, 	LOCPRIORSTEP=0.100000, 	MAXLOCPRIOR=20.000000, 	SEED=1682095924,	
[STRAT parameters]:    NUMSIMSTATS=1000,	PHENOTYPECOL=-9,	POOLFREQ=10,	LOCUSxONLY=0,	EMERROR=0.00100,	MISSINGPHENO=-9,	