

----------------------------------------------------
STRUCTURE by Pritchard, Stephens and Donnelly (2000)
     and Falush, Stephens and Pritchard (2003)
       Code by Pritchard, Falush and Hubisz
             Version 2.3.4 (Jul 2012)
----------------------------------------------------



Command line arguments:   ./structure -m mainparams_bws18_k6_2 
Input File:    bws18_structure.txt

Run parameters:
   141 individuals
   13 loci
   6 populations assumed
   10000 Burn-in period
   20000 Reps


--------------------------------------------
Proportion of membership of each pre-defined
 population in each of the 6 clusters

Given    Inferred Clusters                            Number of
 Pop       1      2      3      4      5      6      Individuals

 17:     0.116  0.230  0.141  0.243  0.090  0.180       18
 22:     0.245  0.183  0.193  0.144  0.056  0.179       11
 29:     0.207  0.168  0.144  0.196  0.090  0.195       14
 62:     0.192  0.151  0.221  0.117  0.173  0.146       20
122:     0.132  0.176  0.165  0.309  0.094  0.124       14
193:     0.202  0.156  0.124  0.141  0.218  0.158       14
205:     0.280  0.180  0.121  0.151  0.071  0.197       21
286:     0.194  0.153  0.132  0.153  0.128  0.239       14
328:     0.111  0.157  0.159  0.117  0.306  0.150       15
--------------------------------------------

Allele-freq. divergence among pops (Net nucleotide distance),
computed using point estimates of P.

      1       2       3       4       5       6      
 1      -    0.0155  0.0101  0.0090  0.0339  0.0101  
 2   0.0155     -    0.0081  0.0064  0.0304  0.0038  
 3   0.0101  0.0081     -    0.0092  0.0364  0.0116  
 4   0.0090  0.0064  0.0092     -    0.0263  0.0065  
 5   0.0339  0.0304  0.0364  0.0263     -    0.0310  
 6   0.0101  0.0038  0.0116  0.0065  0.0310     -    

Average distances (expected heterozygosity) between individuals in same cluster:
cluster  1  : 0.6707 
cluster  2  : 0.6875 
cluster  3  : 0.6781 
cluster  4  : 0.7392 
cluster  5  : 0.6331 
cluster  6  : 0.6915 

--------------------------------------------
Estimated Ln Prob of Data   = -5411.8
Mean value of ln likelihood = -4801.2
Variance of ln likelihood   = 1221.2
Mean value of alpha         = 0.0800

Mean value of Fst_1         = 0.0932
Mean value of Fst_2         = 0.0838
Mean value of Fst_3         = 0.0986
Mean value of Fst_4         = 0.0090
Mean value of Fst_5         = 0.1490
Mean value of Fst_6         = 0.0936


Inferred ancestry of individuals:
        Label (%Miss) Pop:  Inferred clusters
  1    0079C    (0)   17 :  0.113 0.096 0.080 0.473 0.169 0.068 
  2    0079D    (0)   17 :  0.116 0.260 0.401 0.112 0.040 0.070 
  3    0079E   (23)   17 :  0.034 0.197 0.070 0.449 0.028 0.221 
  4    0079G    (0)   17 :  0.192 0.197 0.125 0.267 0.155 0.064 
  5    0082A    (0)   17 :  0.053 0.303 0.045 0.183 0.038 0.379 
  6    0082B    (0)   17 :  0.025 0.338 0.147 0.038 0.018 0.434 
  7    0082C   (15)   17 :  0.101 0.044 0.033 0.040 0.699 0.083 
  8    0082D   (23)   17 :  0.220 0.099 0.253 0.233 0.094 0.101 
  9    0121B   (38)   22 :  0.094 0.299 0.088 0.107 0.040 0.373 
 10    0121C    (0)   22 :  0.517 0.053 0.044 0.106 0.051 0.228 
 11    0147A   (38)   29 :  0.119 0.152 0.253 0.239 0.169 0.068 
 12    0147B    (7)   29 :  0.577 0.036 0.055 0.044 0.026 0.263 
 13    0147D   (30)   29 :  0.225 0.117 0.346 0.106 0.015 0.191 
 14    0167A    (0)   17 :  0.121 0.252 0.256 0.224 0.019 0.128 
 15    0167B    (0)   17 :  0.036 0.445 0.189 0.168 0.058 0.103 
 16    0167C    (0)   17 :  0.042 0.288 0.042 0.093 0.019 0.516 
 17    0309A    (0)   62 :  0.248 0.087 0.572 0.024 0.038 0.032 
 18    0309C    (0)   62 :  0.168 0.219 0.312 0.191 0.043 0.067 
 19    0309D   (30)   62 :  0.198 0.106 0.502 0.055 0.021 0.117 
 20    0309E   (15)   62 :  0.235 0.058 0.548 0.068 0.059 0.032 
 21    0625A    (7)   122 :  0.119 0.321 0.319 0.109 0.041 0.090 
 22    0625B    (0)   122 :  0.086 0.334 0.170 0.177 0.080 0.154 
 23    0625C    (0)   122 :  0.051 0.227 0.280 0.183 0.181 0.078 
 24    0625D    (0)   122 :  0.162 0.112 0.267 0.112 0.299 0.048 
 25    1029C   (23)   193 :  0.471 0.023 0.244 0.060 0.033 0.169 
 26    1029D   (30)   193 :  0.351 0.143 0.090 0.129 0.081 0.206 
 27    1029G   (46)   193 :  0.061 0.239 0.151 0.199 0.044 0.306 
 28    1187A    (0)   29 :  0.575 0.034 0.081 0.024 0.015 0.271 
 29    1187B    (0)   29 :  0.127 0.129 0.103 0.245 0.188 0.208 
 30    1187C    (0)   29 :  0.468 0.057 0.203 0.041 0.020 0.211 
 31    1187D   (15)   29 :  0.109 0.214 0.178 0.225 0.078 0.196 
 32    1187E    (0)   29 :  0.015 0.262 0.036 0.033 0.246 0.408 
 33    1314A   (15)   193 :  0.042 0.055 0.023 0.028 0.815 0.037 
 34    1314B   (15)   193 :  0.063 0.292 0.216 0.101 0.201 0.126 
 35    1314C    (0)   193 :  0.143 0.373 0.261 0.085 0.037 0.101 
 36    1314D    (0)   193 :  0.402 0.108 0.086 0.079 0.040 0.284 
 37    1314E    (7)   193 :  0.053 0.140 0.045 0.058 0.583 0.120 
 38    1319A    (0)   62 :  0.092 0.301 0.194 0.104 0.069 0.240 
 39    1319B    (7)   62 :  0.071 0.318 0.227 0.070 0.121 0.193 
 40    1600A    (0)   29 :  0.027 0.471 0.245 0.089 0.036 0.133 
 41    1600B    (0)   29 :  0.110 0.174 0.108 0.382 0.078 0.148 
 42    1600C    (7)   29 :  0.430 0.043 0.062 0.102 0.164 0.199 
 43    1630A    (7)   193 :  0.509 0.033 0.077 0.133 0.047 0.201 
 44    1630B   (15)   193 :  0.043 0.017 0.020 0.026 0.858 0.035 
 45    1630C   (46)   193 :  0.275 0.156 0.175 0.091 0.034 0.269 
 46    1711A    (7)   286 :  0.025 0.331 0.137 0.061 0.023 0.422 
 47    1711B    (0)   286 :  0.038 0.290 0.130 0.070 0.024 0.447 
 48    1711C   (46)   286 :  0.031 0.048 0.034 0.032 0.831 0.024 
 49    1711D   (23)   286 :  0.277 0.134 0.269 0.253 0.028 0.038 
 50    1711E   (30)   286 :  0.266 0.031 0.538 0.043 0.016 0.107 
 51    1715A    (0)   205 :  0.582 0.039 0.053 0.058 0.135 0.133 
 52    1715B    (0)   205 :  0.683 0.027 0.055 0.037 0.034 0.165 
 53    1715C    (0)   205 :  0.232 0.058 0.030 0.430 0.082 0.169 
 54    1715D    (0)   205 :  0.021 0.416 0.257 0.110 0.011 0.185 
 55    1715E    (0)   205 :  0.519 0.098 0.067 0.058 0.045 0.212 
 56    1726A    (0)   205 :  0.630 0.030 0.043 0.050 0.045 0.203 
 57    1726B   (23)   205 :  0.142 0.219 0.052 0.200 0.238 0.149 
 58    1783A   (46)   205 :  0.499 0.066 0.089 0.161 0.026 0.159 
 59    1783B    (0)   205 :  0.363 0.072 0.191 0.063 0.035 0.277 
 60    1783C    (0)   205 :  0.501 0.074 0.129 0.110 0.046 0.141 
 61    1783D    (0)   205 :  0.624 0.021 0.058 0.047 0.021 0.229 
 62    1783E    (0)   205 :  0.068 0.090 0.056 0.638 0.061 0.087 
 63    2008C    (0)   62 :  0.408 0.056 0.151 0.171 0.019 0.194 
 64    2008D    (0)   62 :  0.059 0.256 0.168 0.341 0.040 0.136 
 65    2008E    (7)   62 :  0.258 0.098 0.413 0.064 0.092 0.075 
 66    2008F   (38)   62 :  0.116 0.111 0.068 0.065 0.551 0.089 
 67    2008G    (7)   62 :  0.188 0.253 0.364 0.073 0.019 0.104 
 68    2008H    (0)   62 :  0.030 0.032 0.021 0.026 0.860 0.032 
 69    2033A   (23)   328 :  0.281 0.086 0.164 0.243 0.037 0.189 
 70    2159A    (0)   328 :  0.064 0.054 0.098 0.039 0.716 0.030 
 71    2159B    (0)   328 :  0.013 0.011 0.018 0.013 0.935 0.011 
 72    2159C    (0)   328 :  0.064 0.387 0.244 0.153 0.064 0.088 
 73    2159D    (0)   328 :  0.013 0.010 0.016 0.011 0.941 0.010 
 74    2159E    (0)   328 :  0.290 0.116 0.055 0.076 0.184 0.279 
 75    2341B    (7)   62 :  0.096 0.334 0.289 0.031 0.025 0.225 
 76    2341C    (0)   62 :  0.291 0.039 0.053 0.418 0.023 0.176 
 77    2351A    (0)   62 :  0.041 0.289 0.069 0.198 0.050 0.353 
 78    2366A   (46)   122 :  0.149 0.105 0.095 0.253 0.262 0.137 
 79    2366B   (46)   122 :  0.373 0.115 0.139 0.149 0.056 0.167 
 80    2366C    (0)   122 :  0.302 0.064 0.053 0.436 0.027 0.119 
 81    2366D    (0)   122 :  0.033 0.103 0.056 0.651 0.053 0.103 
 82    2409A   (15)   122 :  0.027 0.352 0.033 0.029 0.032 0.528 
 83    2423C    (0)   205 :  0.136 0.287 0.119 0.160 0.171 0.126 
 84    2423D    (7)   205 :  0.032 0.496 0.309 0.042 0.020 0.102 
 85    2423E   (30)   205 :  0.090 0.175 0.108 0.415 0.018 0.193 
 86    2856A   (23)   22 :  0.374 0.121 0.085 0.089 0.030 0.300 
 87    2856B    (7)   22 :  0.272 0.047 0.105 0.416 0.083 0.078 
 88    2856C    (7)   22 :  0.060 0.294 0.180 0.077 0.046 0.342 
 89    2856E   (23)   22 :  0.053 0.440 0.260 0.071 0.060 0.116 
 90    3026A    (0)   17 :  0.258 0.049 0.028 0.464 0.047 0.154 
 91    3026B   (15)   17 :  0.076 0.249 0.169 0.341 0.059 0.107 
 92    3253A    (0)   205 :  0.240 0.113 0.517 0.066 0.041 0.023 
 93    3280A    (0)   328 :  0.238 0.167 0.438 0.072 0.020 0.065 
 94    3280B    (0)   328 :  0.024 0.374 0.213 0.204 0.083 0.102 
 95    3760C   (23)   122 :  0.008 0.008 0.021 0.949 0.006 0.008 
 96    4249A    (0)   193 :  0.129 0.147 0.047 0.531 0.070 0.076 
 97    4316A    (7)   17 :  0.107 0.246 0.086 0.314 0.044 0.203 
 98    4316B    (0)   17 :  0.099 0.323 0.148 0.279 0.029 0.123 
 99    4316C   (15)   17 :  0.160 0.262 0.132 0.301 0.052 0.092 
100    4316D   (15)   17 :  0.264 0.161 0.268 0.067 0.016 0.223 
101    4316E   (15)   17 :  0.073 0.324 0.069 0.333 0.035 0.166 
102    5597A   (23)   22 :  0.154 0.200 0.193 0.263 0.073 0.117 
103    5597B    (0)   22 :  0.272 0.085 0.537 0.055 0.022 0.029 
104    5597C    (0)   22 :  0.272 0.117 0.213 0.188 0.108 0.102 
105    5597D   (23)   22 :  0.527 0.077 0.076 0.049 0.056 0.215 
106    5637A    (0)   205 :  0.030 0.413 0.071 0.041 0.050 0.395 
107    5637C    (7)   205 :  0.317 0.093 0.100 0.165 0.198 0.127 
108    5637D   (38)   205 :  0.119 0.246 0.127 0.217 0.122 0.169 
109    5637E   (46)   205 :  0.034 0.353 0.078 0.055 0.051 0.429 
110    5637G   (46)   205 :  0.021 0.394 0.032 0.048 0.041 0.464 
111    5912A    (0)   286 :  0.036 0.281 0.081 0.114 0.022 0.465 
112    5912B    (0)   286 :  0.550 0.046 0.052 0.041 0.029 0.282 
113    5912C   (30)   286 :  0.030 0.308 0.041 0.054 0.041 0.526 
114    5912D   (30)   286 :  0.219 0.135 0.113 0.351 0.078 0.104 
115    5912E   (15)   286 :  0.406 0.081 0.090 0.153 0.065 0.206 
116    5954B   (38)   286 :  0.055 0.052 0.095 0.545 0.227 0.025 
117    5954C   (46)   286 :  0.126 0.188 0.088 0.053 0.375 0.170 
118    5954D   (46)   286 :  0.424 0.086 0.111 0.060 0.024 0.295 
119    5954E   (53)   286 :  0.228 0.135 0.074 0.313 0.016 0.234 
120    6136A    (0)   29 :  0.033 0.311 0.074 0.127 0.140 0.315 
121    6136B    (7)   29 :  0.024 0.122 0.096 0.662 0.050 0.046 
122    6136C   (15)   29 :  0.061 0.235 0.177 0.419 0.037 0.071 
123    6337A    (7)   328 :  0.105 0.227 0.417 0.037 0.019 0.194 
124    6337B    (0)   328 :  0.089 0.208 0.245 0.053 0.026 0.380 
125    6337C    (0)   328 :  0.058 0.313 0.117 0.097 0.021 0.395 
126    6337D   (15)   328 :  0.021 0.015 0.018 0.026 0.905 0.014 
127    6337E    (7)   328 :  0.038 0.078 0.055 0.220 0.527 0.082 
128    6382C    (0)   122 :  0.316 0.070 0.159 0.258 0.045 0.152 
129    6382E    (0)   122 :  0.062 0.262 0.231 0.251 0.138 0.056 
130    6382F   (46)   122 :  0.028 0.356 0.407 0.122 0.041 0.047 
131    6382G   (15)   122 :  0.127 0.041 0.076 0.652 0.050 0.053 
132    6514C    (0)   62 :  0.288 0.128 0.171 0.126 0.025 0.262 
133    6514E    (0)   62 :  0.410 0.100 0.071 0.085 0.113 0.221 
134    6514F    (0)   62 :  0.087 0.173 0.157 0.086 0.423 0.075 
135    6514G   (30)   62 :  0.538 0.032 0.036 0.102 0.021 0.271 
136    6514H   (15)   62 :  0.026 0.041 0.023 0.037 0.846 0.027 
137    6546B   (23)   328 :  0.035 0.217 0.164 0.383 0.017 0.184 
138    6546C   (30)   328 :  0.331 0.097 0.125 0.125 0.090 0.232 
139    6706A   (23)   193 :  0.120 0.272 0.180 0.173 0.119 0.137 
140    6706B   (30)   193 :  0.171 0.184 0.125 0.283 0.089 0.149 
141    6723B   (46)   22 :  0.097 0.283 0.344 0.163 0.046 0.068 


Estimated Allele Frequencies in each cluster
First column gives estimated ancestral frequencies


Locus 1 : 
8 alleles
3.5% missing data
 148   (0.676) 0.811 0.726 0.811 0.673 0.623 0.716 
 146   (0.122) 0.095 0.117 0.071 0.113 0.324 0.154 
 147   (0.101) 0.058 0.119 0.089 0.107 0.035 0.090 
 142   (0.024) 0.012 0.006 0.006 0.029 0.006 0.010 
 137   (0.016) 0.004 0.007 0.006 0.014 0.003 0.005 
 161   (0.027) 0.006 0.008 0.007 0.034 0.004 0.008 
 172   (0.015) 0.003 0.008 0.004 0.013 0.003 0.005 
 151   (0.018) 0.010 0.008 0.006 0.018 0.003 0.011 

Locus 2 : 
16 alleles
5.7% missing data
 197   (0.273) 0.296 0.335 0.454 0.279 0.335 0.259 
 205   (0.110) 0.116 0.117 0.106 0.114 0.029 0.131 
 199   (0.073) 0.099 0.060 0.061 0.072 0.021 0.090 
 201   (0.161) 0.164 0.144 0.106 0.177 0.313 0.136 
 203   (0.051) 0.016 0.130 0.028 0.057 0.015 0.138 
 213   (0.040) 0.044 0.033 0.076 0.035 0.009 0.033 
 227   (0.032) 0.013 0.015 0.021 0.030 0.125 0.011 
 221   (0.027) 0.020 0.008 0.008 0.022 0.094 0.012 
 211   (0.062) 0.080 0.062 0.051 0.057 0.019 0.060 
 215   (0.022) 0.006 0.025 0.009 0.019 0.009 0.038 
 217   (0.034) 0.031 0.023 0.034 0.027 0.006 0.035 
 193   (0.037) 0.065 0.014 0.017 0.039 0.009 0.029 
 191   (0.033) 0.041 0.014 0.016 0.030 0.008 0.017 
 219   (0.012) 0.002 0.008 0.006 0.011 0.003 0.004 
 241   (0.015) 0.003 0.004 0.003 0.017 0.002 0.003 
 207   (0.016) 0.005 0.008 0.006 0.014 0.003 0.004 

Locus 3 : 
9 alleles
12.8% missing data
 201   (0.264) 0.388 0.218 0.315 0.258 0.310 0.263 
 207   (0.337) 0.350 0.337 0.266 0.356 0.389 0.321 
 204   (0.210) 0.160 0.277 0.227 0.211 0.188 0.288 
 210   (0.096) 0.057 0.127 0.101 0.090 0.081 0.086 
 219   (0.017) 0.011 0.008 0.027 0.013 0.003 0.008 
 198   (0.023) 0.007 0.009 0.007 0.023 0.008 0.010 
 213   (0.015) 0.014 0.004 0.028 0.012 0.003 0.007 
 216   (0.021) 0.005 0.006 0.007 0.023 0.015 0.005 
 189   (0.018) 0.007 0.014 0.023 0.014 0.003 0.011 

Locus 4 : 
12 alleles
12.8% missing data
 138   (0.137) 0.112 0.121 0.157 0.151 0.138 0.086 
 140   (0.190) 0.122 0.281 0.153 0.200 0.164 0.310 
 132   (0.177) 0.183 0.150 0.235 0.183 0.173 0.129 
 154   (0.014) 0.006 0.007 0.005 0.013 0.006 0.004 
 142   (0.133) 0.141 0.187 0.172 0.122 0.056 0.197 
 134   (0.055) 0.056 0.042 0.035 0.053 0.052 0.063 
 128   (0.029) 0.010 0.012 0.008 0.026 0.171 0.012 
 136   (0.105) 0.214 0.071 0.110 0.108 0.033 0.102 
 144   (0.058) 0.018 0.068 0.044 0.057 0.101 0.027 
 146   (0.026) 0.007 0.021 0.016 0.023 0.008 0.016 
 152   (0.030) 0.015 0.014 0.015 0.025 0.083 0.011 
 130   (0.046) 0.115 0.027 0.049 0.040 0.016 0.042 

Locus 5 : 
9 alleles
16.3% missing data
 257   (0.407) 0.407 0.456 0.434 0.397 0.675 0.410 
 271   (0.058) 0.037 0.042 0.039 0.060 0.018 0.043 
 259   (0.309) 0.442 0.318 0.378 0.301 0.244 0.360 
 261   (0.080) 0.049 0.098 0.078 0.080 0.026 0.077 
 263   (0.022) 0.012 0.008 0.024 0.019 0.009 0.006 
 269   (0.022) 0.005 0.032 0.007 0.018 0.006 0.052 
 273   (0.068) 0.039 0.031 0.029 0.094 0.017 0.035 
 265   (0.016) 0.003 0.005 0.004 0.017 0.004 0.005 
 267   (0.017) 0.004 0.010 0.006 0.014 0.003 0.012 

Locus 6 : 
15 alleles
4.3% missing data
 147   (0.167) 0.155 0.169 0.103 0.168 0.573 0.168 
 141   (0.110) 0.157 0.128 0.261 0.105 0.028 0.126 
 149   (0.103) 0.158 0.084 0.107 0.096 0.072 0.121 
 159   (0.065) 0.026 0.117 0.053 0.064 0.015 0.101 
 137   (0.093) 0.043 0.150 0.097 0.096 0.029 0.101 
 139   (0.038) 0.010 0.030 0.020 0.043 0.010 0.027 
 161   (0.053) 0.114 0.028 0.049 0.050 0.020 0.067 
 151   (0.065) 0.132 0.048 0.040 0.067 0.015 0.096 
 153   (0.082) 0.079 0.049 0.088 0.094 0.031 0.050 
 165   (0.053) 0.048 0.044 0.040 0.054 0.012 0.047 
 145   (0.060) 0.038 0.048 0.055 0.057 0.156 0.032 
 135   (0.015) 0.003 0.007 0.006 0.012 0.003 0.008 
 157   (0.041) 0.015 0.039 0.013 0.044 0.022 0.033 
 143   (0.034) 0.018 0.049 0.063 0.030 0.011 0.013 
 155   (0.021) 0.004 0.009 0.006 0.022 0.004 0.010 

Locus 7 : 
4 alleles
2.1% missing data
 138   (0.762) 0.765 0.806 0.782 0.765 0.914 0.809 
 144   (0.070) 0.073 0.064 0.064 0.070 0.015 0.057 
 132   (0.152) 0.158 0.122 0.146 0.153 0.069 0.131 
 135   (0.015) 0.004 0.008 0.009 0.012 0.003 0.004 

Locus 8 : 
12 alleles
20.6% missing data
 276   (0.066) 0.082 0.040 0.032 0.067 0.097 0.046 
 286   (0.136) 0.070 0.178 0.132 0.141 0.088 0.146 
 278   (0.214) 0.343 0.158 0.166 0.217 0.272 0.293 
 270   (0.029) 0.008 0.029 0.016 0.030 0.009 0.020 
 280   (0.229) 0.230 0.309 0.237 0.226 0.194 0.264 
 266   (0.035) 0.017 0.058 0.031 0.029 0.017 0.070 
 282   (0.137) 0.131 0.151 0.248 0.142 0.132 0.072 
 274   (0.030) 0.038 0.010 0.010 0.027 0.021 0.023 
 290   (0.028) 0.041 0.014 0.064 0.024 0.006 0.029 
 284   (0.033) 0.014 0.028 0.040 0.033 0.011 0.012 
 288   (0.040) 0.016 0.019 0.018 0.040 0.148 0.016 
 272   (0.022) 0.010 0.007 0.006 0.026 0.005 0.009 

Locus 9 : 
15 alleles
3.5% missing data
 146   (0.418) 0.523 0.482 0.465 0.436 0.532 0.480 
 178   (0.034) 0.013 0.015 0.010 0.044 0.009 0.016 
 170   (0.043) 0.014 0.057 0.059 0.040 0.040 0.017 
 166   (0.067) 0.061 0.056 0.046 0.067 0.021 0.074 
 172   (0.054) 0.083 0.028 0.046 0.050 0.022 0.053 
 168   (0.071) 0.084 0.086 0.146 0.062 0.087 0.051 
 162   (0.020) 0.008 0.011 0.008 0.017 0.004 0.013 
 148   (0.081) 0.084 0.111 0.071 0.074 0.047 0.121 
 160   (0.063) 0.035 0.078 0.075 0.055 0.123 0.086 
 174   (0.029) 0.017 0.017 0.017 0.037 0.009 0.010 
 158   (0.029) 0.019 0.008 0.016 0.027 0.085 0.010 
 154   (0.040) 0.042 0.028 0.021 0.038 0.011 0.041 
 164   (0.013) 0.005 0.004 0.003 0.013 0.003 0.005 
 180   (0.012) 0.002 0.002 0.003 0.015 0.002 0.002 
 142   (0.026) 0.011 0.018 0.014 0.026 0.007 0.019 

Locus 10 : 
7 alleles
5.0% missing data
 158   (0.775) 0.894 0.853 0.852 0.764 0.786 0.858 
 160   (0.115) 0.063 0.106 0.107 0.117 0.169 0.106 
 154   (0.026) 0.013 0.011 0.013 0.026 0.007 0.012 
 156   (0.022) 0.017 0.012 0.011 0.022 0.006 0.011 
 152   (0.031) 0.006 0.010 0.010 0.044 0.006 0.007 
 144   (0.015) 0.003 0.004 0.003 0.011 0.022 0.003 
 162   (0.016) 0.004 0.004 0.004 0.016 0.003 0.004 

Locus 11 : 
14 alleles
29.1% missing data
 214   (0.158) 0.164 0.134 0.125 0.188 0.063 0.118 
 220   (0.141) 0.118 0.137 0.114 0.142 0.293 0.131 
 210   (0.083) 0.120 0.071 0.176 0.076 0.056 0.054 
 218   (0.266) 0.302 0.410 0.389 0.247 0.314 0.396 
 192   (0.015) 0.004 0.007 0.005 0.015 0.004 0.008 
 194   (0.016) 0.004 0.008 0.006 0.015 0.004 0.008 
 212   (0.039) 0.021 0.024 0.022 0.034 0.071 0.019 
 222   (0.096) 0.136 0.100 0.080 0.087 0.087 0.112 
 224   (0.020) 0.006 0.019 0.007 0.017 0.005 0.026 
 216   (0.081) 0.099 0.061 0.044 0.085 0.052 0.101 
 200   (0.017) 0.004 0.004 0.005 0.019 0.003 0.004 
 204   (0.016) 0.004 0.004 0.004 0.019 0.003 0.004 
 188   (0.032) 0.009 0.016 0.015 0.039 0.041 0.012 
 208   (0.018) 0.010 0.006 0.008 0.016 0.005 0.007 

Locus 12 : 
17 alleles
18.4% missing data
 144   (0.036) 0.022 0.017 0.016 0.045 0.044 0.016 
 162   (0.042) 0.018 0.035 0.035 0.049 0.019 0.019 
 170   (0.042) 0.041 0.030 0.043 0.038 0.011 0.039 
 148   (0.090) 0.114 0.106 0.062 0.084 0.186 0.112 
 142   (0.066) 0.077 0.112 0.040 0.060 0.054 0.180 
 154   (0.041) 0.041 0.031 0.017 0.039 0.038 0.048 
 146   (0.348) 0.424 0.425 0.409 0.355 0.483 0.369 
 164   (0.053) 0.057 0.028 0.029 0.057 0.022 0.041 
 168   (0.031) 0.011 0.026 0.021 0.033 0.007 0.016 
 156   (0.052) 0.078 0.039 0.175 0.044 0.088 0.034 
 172   (0.038) 0.026 0.038 0.049 0.033 0.012 0.022 
 166   (0.056) 0.039 0.052 0.050 0.057 0.016 0.055 
 158   (0.030) 0.007 0.028 0.024 0.033 0.006 0.010 
 150   (0.014) 0.008 0.006 0.009 0.013 0.003 0.004 
 174   (0.016) 0.003 0.004 0.004 0.017 0.003 0.003 
 182   (0.015) 0.004 0.009 0.006 0.013 0.003 0.005 
 160   (0.029) 0.029 0.014 0.013 0.029 0.006 0.026 

Locus 13 : 
15 alleles
31.2% missing data
 285   (0.299) 0.334 0.268 0.313 0.303 0.443 0.319 
 291   (0.124) 0.269 0.065 0.153 0.123 0.083 0.141 
 289   (0.186) 0.120 0.305 0.235 0.178 0.103 0.212 
 277   (0.039) 0.061 0.022 0.019 0.038 0.021 0.026 
 273   (0.033) 0.017 0.115 0.066 0.028 0.008 0.132 
 293   (0.049) 0.018 0.072 0.038 0.055 0.018 0.032 
 287   (0.043) 0.016 0.027 0.017 0.041 0.247 0.024 
 295   (0.047) 0.076 0.018 0.024 0.053 0.013 0.037 
 301   (0.020) 0.014 0.006 0.008 0.017 0.005 0.009 
 303   (0.022) 0.026 0.015 0.036 0.020 0.006 0.007 
 279   (0.031) 0.012 0.029 0.024 0.028 0.011 0.013 
 181   (0.018) 0.005 0.011 0.009 0.015 0.005 0.012 
 283   (0.034) 0.009 0.011 0.014 0.047 0.021 0.009 
 281   (0.019) 0.011 0.007 0.020 0.016 0.004 0.005 
 297   (0.036) 0.011 0.030 0.026 0.038 0.012 0.022 

Values of parameters used in structure:
DATAFILE=bws18_structure.txt,	OUTFILE=bws18_structurek6_2_results,	NUMINDS=141,	NUMLOCI=13,	MISSING=-9,	LABEL=1,	POPDATA=1,	POPFLAG=0,	PHENOTYPE=0,	EXTRACOLS=0,	MAXPOPS=6,	BURNIN=10000,	NUMREPS=20000,	USEPOPINFO=0,	INFERALPHA=1,	INFERLAMBDA=0,	POPSPECIFICLAMBDA=0,	POPALPHAS=0,	COMPUTEPROB=1,	NOADMIX=0,	ADMBURNIN=500,	UPDATEFREQ=100,	PRINTLIKES=0,	INTERMEDSAVE=0,	PRINTKLD=0,	PRINTNET=1,	PRINTLAMBDA=1,	ANCESTDIST=0,	NUMBOXES=1000,	ANCESTPINT=0.90000,	GENSBACK=2,	MIGRPRIOR=0.01000,	PRINTQHAT=0,	PRINTQSUM=1,	ALPHA=1.0000,	FREQSCORR=1,	FPRIORMEAN=0.0100,	FPRIORSD=0.0500,	ONEFST=0,	LAMBDA=1.0000,	UNIFPRIORALPHA=1,	ALPHAMAX=10.0000,	ALPHAPRIORA=1.0000,	ALPHAPRIORB=2.0000,	ALPHAPROPSD=0.0250,	STARTATPOPINFO=0,	RANDOMIZE=1,	LINKAGE=0,	METROFREQ=10,	REPORTHITRATE=0,	MARKOVPHASE=0,	PHASED=0,	PLOIDY=2,	PHASEINFO=0	LOCPRIOR=0, 	LOCPRIORINIT=1.000000, 	LOCDATA=0, 	LOCISPOP=1, 	LOCPRIORSTEP=0.100000, 	MAXLOCPRIOR=20.000000, 	SEED=1680179594,	
[STRAT parameters]:    NUMSIMSTATS=1000,	PHENOTYPECOL=-9,	POOLFREQ=10,	LOCUSxONLY=0,	EMERROR=0.00100,	MISSINGPHENO=-9,	