

----------------------------------------------------
STRUCTURE by Pritchard, Stephens and Donnelly (2000)
     and Falush, Stephens and Pritchard (2003)
       Code by Pritchard, Falush and Hubisz
             Version 2.3.4 (Jul 2012)
----------------------------------------------------



Command line arguments:   ./structure -m mainparams_bws18_k3 
Input File:    bws18_structure.txt

Run parameters:
   141 individuals
   13 loci
   3 populations assumed
   10000 Burn-in period
   20000 Reps


--------------------------------------------
Proportion of membership of each pre-defined
 population in each of the 3 clusters

Given    Inferred Clusters       Number of
 Pop       1      2      3      Individuals

 17:     0.401  0.340  0.259       18
 22:     0.312  0.293  0.395       11
 29:     0.326  0.303  0.371       14
 62:     0.252  0.397  0.351       20
122:     0.462  0.291  0.247       14
193:     0.239  0.329  0.432       14
205:     0.261  0.330  0.409       21
286:     0.368  0.301  0.331       14
328:     0.365  0.374  0.261       15
--------------------------------------------

Allele-freq. divergence among pops (Net nucleotide distance),
computed using point estimates of P.

      1       2       3      
 1      -    0.0147  0.0137  
 2   0.0147     -    0.0240  
 3   0.0137  0.0240     -    

Average distances (expected heterozygosity) between individuals in same cluster:
cluster  1  : 0.7526 
cluster  2  : 0.6531 
cluster  3  : 0.6556 

--------------------------------------------
Estimated Ln Prob of Data   = -5558.3
Mean value of ln likelihood = -5071.4
Variance of ln likelihood   = 973.8
Mean value of alpha         = 0.4599

Mean value of Fst_1         = 0.0013
Mean value of Fst_2         = 0.1126
Mean value of Fst_3         = 0.0963


Inferred ancestry of individuals:
        Label (%Miss) Pop:  Inferred clusters
  1    0079C    (0)   17 :  0.579 0.169 0.252 
  2    0079D    (0)   17 :  0.328 0.407 0.265 
  3    0079E   (23)   17 :  0.631 0.256 0.113 
  4    0079G    (0)   17 :  0.448 0.298 0.253 
  5    0082A    (0)   17 :  0.351 0.496 0.153 
  6    0082B    (0)   17 :  0.238 0.646 0.116 
  7    0082C   (15)   17 :  0.315 0.206 0.479 
  8    0082D   (23)   17 :  0.356 0.220 0.423 
  9    0121B   (38)   22 :  0.344 0.417 0.239 
 10    0121C    (0)   22 :  0.215 0.126 0.659 
 11    0147A   (38)   29 :  0.417 0.350 0.234 
 12    0147B    (7)   29 :  0.132 0.100 0.768 
 13    0147D   (30)   29 :  0.348 0.202 0.450 
 14    0167A    (0)   17 :  0.508 0.271 0.221 
 15    0167B    (0)   17 :  0.306 0.523 0.171 
 16    0167C    (0)   17 :  0.419 0.428 0.153 
 17    0309A    (0)   62 :  0.132 0.617 0.251 
 18    0309C    (0)   62 :  0.406 0.281 0.313 
 19    0309D   (30)   62 :  0.289 0.500 0.212 
 20    0309E   (15)   62 :  0.327 0.473 0.201 
 21    0625A    (7)   122 :  0.207 0.520 0.273 
 22    0625B    (0)   122 :  0.265 0.509 0.227 
 23    0625C    (0)   122 :  0.554 0.327 0.119 
 24    0625D    (0)   122 :  0.308 0.367 0.325 
 25    1029C   (23)   193 :  0.145 0.123 0.732 
 26    1029D   (30)   193 :  0.152 0.170 0.678 
 27    1029G   (46)   193 :  0.382 0.444 0.174 
 28    1187A    (0)   29 :  0.090 0.093 0.817 
 29    1187B    (0)   29 :  0.399 0.292 0.309 
 30    1187C    (0)   29 :  0.124 0.161 0.715 
 31    1187D   (15)   29 :  0.395 0.334 0.271 
 32    1187E    (0)   29 :  0.288 0.616 0.096 
 33    1314A   (15)   193 :  0.159 0.481 0.360 
 34    1314B   (15)   193 :  0.231 0.484 0.285 
 35    1314C    (0)   193 :  0.223 0.437 0.339 
 36    1314D    (0)   193 :  0.145 0.189 0.666 
 37    1314E    (7)   193 :  0.139 0.632 0.229 
 38    1319A    (0)   62 :  0.203 0.611 0.186 
 39    1319B    (7)   62 :  0.159 0.609 0.232 
 40    1600A    (0)   29 :  0.199 0.638 0.163 
 41    1600B    (0)   29 :  0.384 0.377 0.239 
 42    1600C    (7)   29 :  0.144 0.162 0.694 
 43    1630A    (7)   193 :  0.266 0.120 0.614 
 44    1630B   (15)   193 :  0.145 0.275 0.580 
 45    1630C   (46)   193 :  0.176 0.292 0.531 
 46    1711A    (7)   286 :  0.243 0.665 0.093 
 47    1711B    (0)   286 :  0.322 0.536 0.142 
 48    1711C   (46)   286 :  0.280 0.270 0.450 
 49    1711D   (23)   286 :  0.511 0.229 0.260 
 50    1711E   (30)   286 :  0.371 0.289 0.340 
 51    1715A    (0)   205 :  0.140 0.148 0.712 
 52    1715B    (0)   205 :  0.132 0.112 0.756 
 53    1715C    (0)   205 :  0.333 0.166 0.501 
 54    1715D    (0)   205 :  0.336 0.513 0.151 
 55    1715E    (0)   205 :  0.134 0.131 0.735 
 56    1726A    (0)   205 :  0.134 0.126 0.740 
 57    1726B   (23)   205 :  0.216 0.362 0.422 
 58    1783A   (46)   205 :  0.375 0.121 0.505 
 59    1783B    (0)   205 :  0.149 0.240 0.611 
 60    1783C    (0)   205 :  0.164 0.275 0.562 
 61    1783D    (0)   205 :  0.124 0.081 0.795 
 62    1783E    (0)   205 :  0.667 0.192 0.141 
 63    2008C    (0)   62 :  0.248 0.159 0.593 
 64    2008D    (0)   62 :  0.454 0.364 0.182 
 65    2008E    (7)   62 :  0.147 0.441 0.412 
 66    2008F   (38)   62 :  0.170 0.428 0.402 
 67    2008G    (7)   62 :  0.217 0.333 0.450 
 68    2008H    (0)   62 :  0.221 0.338 0.440 
 69    2033A   (23)   328 :  0.368 0.216 0.416 
 70    2159A    (0)   328 :  0.194 0.630 0.177 
 71    2159B    (0)   328 :  0.394 0.369 0.237 
 72    2159C    (0)   328 :  0.429 0.298 0.273 
 73    2159D    (0)   328 :  0.416 0.361 0.223 
 74    2159E    (0)   328 :  0.183 0.280 0.537 
 75    2341B    (7)   62 :  0.091 0.828 0.081 
 76    2341C    (0)   62 :  0.441 0.111 0.448 
 77    2351A    (0)   62 :  0.373 0.465 0.162 
 78    2366A   (46)   122 :  0.373 0.290 0.337 
 79    2366B   (46)   122 :  0.413 0.187 0.400 
 80    2366C    (0)   122 :  0.441 0.060 0.499 
 81    2366D    (0)   122 :  0.673 0.226 0.101 
 82    2409A   (15)   122 :  0.175 0.694 0.131 
 83    2423C    (0)   205 :  0.187 0.371 0.442 
 84    2423D    (7)   205 :  0.222 0.576 0.202 
 85    2423E   (30)   205 :  0.694 0.171 0.134 
 86    2856A   (23)   22 :  0.224 0.144 0.632 
 87    2856B    (7)   22 :  0.447 0.125 0.429 
 88    2856C    (7)   22 :  0.268 0.564 0.167 
 89    2856E   (23)   22 :  0.154 0.707 0.140 
 90    3026A    (0)   17 :  0.383 0.099 0.518 
 91    3026B   (15)   17 :  0.358 0.516 0.126 
 92    3253A    (0)   205 :  0.403 0.359 0.239 
 93    3280A    (0)   328 :  0.229 0.586 0.185 
 94    3280B    (0)   328 :  0.507 0.386 0.107 
 95    3760C   (23)   122 :  0.940 0.028 0.032 
 96    4249A    (0)   193 :  0.498 0.281 0.221 
 97    4316A    (7)   17 :  0.403 0.346 0.250 
 98    4316B    (0)   17 :  0.446 0.305 0.249 
 99    4316C   (15)   17 :  0.492 0.229 0.279 
100    4316D   (15)   17 :  0.204 0.324 0.472 
101    4316E   (15)   17 :  0.449 0.375 0.175 
102    5597A   (23)   22 :  0.488 0.180 0.332 
103    5597B    (0)   22 :  0.335 0.251 0.414 
104    5597C    (0)   22 :  0.307 0.199 0.494 
105    5597D   (23)   22 :  0.121 0.221 0.659 
106    5637A    (0)   205 :  0.121 0.779 0.100 
107    5637C    (7)   205 :  0.345 0.193 0.462 
108    5637D   (38)   205 :  0.256 0.549 0.195 
109    5637E   (46)   205 :  0.175 0.728 0.097 
110    5637G   (46)   205 :  0.168 0.744 0.088 
111    5912A    (0)   286 :  0.470 0.402 0.128 
112    5912B    (0)   286 :  0.107 0.138 0.755 
113    5912C   (30)   286 :  0.401 0.433 0.166 
114    5912D   (30)   286 :  0.509 0.246 0.244 
115    5912E   (15)   286 :  0.271 0.114 0.616 
116    5954B   (38)   286 :  0.717 0.152 0.131 
117    5954C   (46)   286 :  0.130 0.598 0.273 
118    5954D   (46)   286 :  0.155 0.082 0.763 
119    5954E   (53)   286 :  0.660 0.063 0.278 
120    6136A    (0)   29 :  0.276 0.570 0.154 
121    6136B    (7)   29 :  0.739 0.190 0.071 
122    6136C   (15)   29 :  0.626 0.156 0.219 
123    6337A    (7)   328 :  0.300 0.597 0.103 
124    6337B    (0)   328 :  0.248 0.537 0.216 
125    6337C    (0)   328 :  0.376 0.481 0.142 
126    6337D   (15)   328 :  0.396 0.200 0.403 
127    6337E    (7)   328 :  0.537 0.300 0.163 
128    6382C    (0)   122 :  0.367 0.179 0.454 
129    6382E    (0)   122 :  0.513 0.287 0.200 
130    6382F   (46)   122 :  0.631 0.257 0.112 
131    6382G   (15)   122 :  0.611 0.143 0.246 
132    6514C    (0)   62 :  0.212 0.320 0.467 
133    6514E    (0)   62 :  0.232 0.231 0.537 
134    6514F    (0)   62 :  0.246 0.437 0.318 
135    6514G   (30)   62 :  0.164 0.109 0.727 
136    6514H   (15)   62 :  0.300 0.294 0.406 
137    6546B   (23)   328 :  0.710 0.175 0.116 
138    6546C   (30)   328 :  0.190 0.195 0.615 
139    6706A   (23)   193 :  0.267 0.517 0.216 
140    6706B   (30)   193 :  0.418 0.161 0.421 
141    6723B   (46)   22 :  0.527 0.292 0.181 


Estimated Allele Frequencies in each cluster
First column gives estimated ancestral frequencies


Locus 1 : 
8 alleles
3.5% missing data
 148   (0.670) 0.672 0.704 0.811 
 146   (0.135) 0.134 0.159 0.131 
 147   (0.091) 0.091 0.122 0.033 
 142   (0.026) 0.026 0.004 0.011 
 137   (0.015) 0.014 0.003 0.002 
 161   (0.028) 0.028 0.003 0.003 
 172   (0.015) 0.014 0.004 0.002 
 151   (0.020) 0.020 0.002 0.006 

Locus 2 : 
16 alleles
5.7% missing data
 197   (0.266) 0.269 0.409 0.276 
 205   (0.114) 0.115 0.093 0.114 
 199   (0.074) 0.075 0.030 0.106 
 201   (0.151) 0.153 0.154 0.204 
 203   (0.058) 0.058 0.129 0.013 
 213   (0.042) 0.041 0.047 0.023 
 227   (0.044) 0.044 0.030 0.023 
 221   (0.035) 0.034 0.015 0.026 
 211   (0.047) 0.045 0.029 0.099 
 215   (0.027) 0.026 0.020 0.006 
 217   (0.031) 0.030 0.020 0.029 
 193   (0.039) 0.039 0.008 0.047 
 191   (0.030) 0.029 0.009 0.027 
 219   (0.014) 0.014 0.003 0.002 
 241   (0.014) 0.014 0.001 0.001 
 207   (0.014) 0.014 0.002 0.003 

Locus 3 : 
9 alleles
12.8% missing data
 201   (0.250) 0.250 0.224 0.397 
 207   (0.347) 0.349 0.289 0.383 
 204   (0.205) 0.205 0.319 0.142 
 210   (0.093) 0.092 0.130 0.053 
 219   (0.021) 0.020 0.011 0.005 
 198   (0.022) 0.022 0.005 0.005 
 213   (0.020) 0.019 0.007 0.008 
 216   (0.022) 0.022 0.004 0.004 
 189   (0.021) 0.020 0.012 0.003 

Locus 4 : 
12 alleles
12.8% missing data
 138   (0.136) 0.136 0.130 0.121 
 140   (0.202) 0.204 0.298 0.123 
 132   (0.185) 0.188 0.171 0.148 
 154   (0.016) 0.015 0.003 0.003 
 142   (0.106) 0.105 0.209 0.133 
 134   (0.052) 0.052 0.025 0.076 
 128   (0.043) 0.043 0.021 0.040 
 136   (0.089) 0.088 0.048 0.203 
 144   (0.069) 0.069 0.047 0.034 
 146   (0.026) 0.025 0.013 0.005 
 152   (0.032) 0.032 0.021 0.017 
 130   (0.044) 0.043 0.014 0.096 

Locus 5 : 
9 alleles
16.3% missing data
 257   (0.381) 0.382 0.534 0.433 
 271   (0.062) 0.062 0.022 0.037 
 259   (0.303) 0.302 0.315 0.426 
 261   (0.085) 0.085 0.072 0.049 
 263   (0.023) 0.022 0.009 0.005 
 269   (0.032) 0.031 0.021 0.007 
 273   (0.082) 0.084 0.020 0.036 
 265   (0.016) 0.016 0.003 0.002 
 267   (0.016) 0.015 0.005 0.003 

Locus 6 : 
15 alleles
4.3% missing data
 147   (0.165) 0.166 0.248 0.221 
 141   (0.110) 0.110 0.173 0.112 
 149   (0.102) 0.102 0.088 0.131 
 159   (0.069) 0.070 0.100 0.021 
 137   (0.078) 0.078 0.158 0.029 
 139   (0.041) 0.042 0.018 0.008 
 161   (0.046) 0.045 0.012 0.122 
 151   (0.056) 0.055 0.018 0.144 
 153   (0.089) 0.090 0.039 0.069 
 165   (0.056) 0.056 0.023 0.050 
 145   (0.065) 0.065 0.057 0.058 
 135   (0.014) 0.013 0.004 0.002 
 157   (0.039) 0.039 0.033 0.012 
 143   (0.049) 0.049 0.025 0.016 
 155   (0.021) 0.021 0.005 0.003 

Locus 7 : 
4 alleles
2.1% missing data
 138   (0.743) 0.744 0.894 0.761 
 144   (0.069) 0.068 0.029 0.088 
 132   (0.173) 0.174 0.074 0.149 
 135   (0.015) 0.014 0.003 0.002 

Locus 8 : 
12 alleles
20.6% missing data
 276   (0.069) 0.070 0.026 0.082 
 286   (0.141) 0.142 0.171 0.065 
 278   (0.192) 0.192 0.139 0.407 
 270   (0.034) 0.034 0.017 0.008 
 280   (0.192) 0.192 0.354 0.183 
 266   (0.037) 0.036 0.064 0.018 
 282   (0.151) 0.152 0.160 0.118 
 274   (0.031) 0.030 0.006 0.030 
 290   (0.037) 0.036 0.018 0.036 
 284   (0.040) 0.040 0.016 0.014 
 288   (0.055) 0.055 0.025 0.031 
 272   (0.022) 0.022 0.004 0.007 

Locus 9 : 
15 alleles
3.5% missing data
 146   (0.396) 0.399 0.487 0.575 
 178   (0.038) 0.038 0.008 0.010 
 170   (0.052) 0.053 0.040 0.019 
 166   (0.065) 0.065 0.048 0.060 
 172   (0.047) 0.047 0.016 0.085 
 168   (0.068) 0.067 0.124 0.055 
 162   (0.019) 0.019 0.006 0.005 
 148   (0.068) 0.067 0.126 0.064 
 160   (0.074) 0.074 0.093 0.040 
 174   (0.034) 0.035 0.012 0.011 
 158   (0.035) 0.034 0.010 0.030 
 154   (0.047) 0.047 0.017 0.029 
 164   (0.013) 0.013 0.002 0.004 
 180   (0.013) 0.013 0.001 0.001 
 142   (0.030) 0.030 0.009 0.010 

Locus 10 : 
7 alleles
5.0% missing data
 158   (0.745) 0.745 0.859 0.915 
 160   (0.139) 0.140 0.121 0.053 
 154   (0.026) 0.026 0.006 0.012 
 156   (0.026) 0.026 0.006 0.009 
 152   (0.035) 0.036 0.005 0.004 
 144   (0.014) 0.013 0.002 0.004 
 162   (0.014) 0.014 0.002 0.003 

Locus 11 : 
14 alleles
29.1% missing data
 214   (0.179) 0.182 0.086 0.148 
 220   (0.148) 0.149 0.146 0.162 
 210   (0.094) 0.093 0.083 0.100 
 218   (0.220) 0.218 0.496 0.304 
 192   (0.017) 0.016 0.003 0.003 
 194   (0.018) 0.017 0.004 0.003 
 212   (0.041) 0.041 0.017 0.025 
 222   (0.084) 0.083 0.083 0.138 
 224   (0.024) 0.023 0.011 0.006 
 216   (0.086) 0.086 0.051 0.091 
 200   (0.017) 0.017 0.002 0.003 
 204   (0.019) 0.019 0.002 0.003 
 188   (0.036) 0.037 0.013 0.008 
 208   (0.018) 0.017 0.003 0.006 

Locus 12 : 
17 alleles
18.4% missing data
 144   (0.042) 0.042 0.016 0.022 
 162   (0.051) 0.052 0.019 0.019 
 170   (0.038) 0.038 0.026 0.037 
 148   (0.072) 0.071 0.146 0.109 
 142   (0.069) 0.068 0.128 0.080 
 154   (0.041) 0.040 0.020 0.050 
 146   (0.344) 0.348 0.418 0.465 
 164   (0.047) 0.047 0.018 0.057 
 168   (0.032) 0.032 0.016 0.010 
 156   (0.063) 0.063 0.095 0.049 
 172   (0.037) 0.037 0.026 0.024 
 166   (0.053) 0.053 0.044 0.040 
 158   (0.034) 0.034 0.013 0.007 
 150   (0.015) 0.014 0.003 0.003 
 174   (0.016) 0.016 0.002 0.002 
 182   (0.014) 0.014 0.003 0.003 
 160   (0.031) 0.030 0.006 0.021 

Locus 13 : 
15 alleles
31.2% missing data
 285   (0.251) 0.252 0.338 0.360 
 291   (0.107) 0.107 0.049 0.269 
 289   (0.170) 0.172 0.279 0.128 
 277   (0.042) 0.041 0.012 0.049 
 273   (0.061) 0.060 0.127 0.021 
 293   (0.059) 0.059 0.048 0.016 
 287   (0.059) 0.059 0.071 0.033 
 295   (0.052) 0.052 0.013 0.066 
 301   (0.017) 0.016 0.003 0.008 
 303   (0.031) 0.031 0.015 0.010 
 279   (0.033) 0.032 0.011 0.012 
 181   (0.019) 0.018 0.007 0.004 
 283   (0.042) 0.043 0.008 0.007 
 281   (0.018) 0.018 0.004 0.005 
 297   (0.039) 0.040 0.014 0.011 

Values of parameters used in structure:
DATAFILE=bws18_structure.txt,	OUTFILE=bws18_structurek3_results,	NUMINDS=141,	NUMLOCI=13,	MISSING=-9,	LABEL=1,	POPDATA=1,	POPFLAG=0,	PHENOTYPE=0,	EXTRACOLS=0,	MAXPOPS=3,	BURNIN=10000,	NUMREPS=20000,	USEPOPINFO=0,	INFERALPHA=1,	INFERLAMBDA=0,	POPSPECIFICLAMBDA=0,	POPALPHAS=0,	COMPUTEPROB=1,	NOADMIX=0,	ADMBURNIN=500,	UPDATEFREQ=100,	PRINTLIKES=0,	INTERMEDSAVE=0,	PRINTKLD=0,	PRINTNET=1,	PRINTLAMBDA=1,	ANCESTDIST=0,	NUMBOXES=1000,	ANCESTPINT=0.90000,	GENSBACK=2,	MIGRPRIOR=0.01000,	PRINTQHAT=0,	PRINTQSUM=1,	ALPHA=1.0000,	FREQSCORR=1,	FPRIORMEAN=0.0100,	FPRIORSD=0.0500,	ONEFST=0,	LAMBDA=1.0000,	UNIFPRIORALPHA=1,	ALPHAMAX=10.0000,	ALPHAPRIORA=1.0000,	ALPHAPRIORB=2.0000,	ALPHAPROPSD=0.0250,	STARTATPOPINFO=0,	RANDOMIZE=1,	LINKAGE=0,	METROFREQ=10,	REPORTHITRATE=0,	MARKOVPHASE=0,	PHASED=0,	PLOIDY=2,	PHASEINFO=0	LOCPRIOR=0, 	LOCPRIORINIT=1.000000, 	LOCDATA=0, 	LOCISPOP=1, 	LOCPRIORSTEP=0.100000, 	MAXLOCPRIOR=20.000000, 	SEED=1680179457,	
[STRAT parameters]:    NUMSIMSTATS=1000,	PHENOTYPECOL=-9,	POOLFREQ=10,	LOCUSxONLY=0,	EMERROR=0.00100,	MISSINGPHENO=-9,	