

----------------------------------------------------
STRUCTURE by Pritchard, Stephens and Donnelly (2000)
     and Falush, Stephens and Pritchard (2003)
       Code by Pritchard, Falush and Hubisz
             Version 2.3.4 (Jul 2012)
----------------------------------------------------



Command line arguments:   ./structure -m mainparams_bws18_k4_2 
Input File:    bws18_structure.txt

Run parameters:
   136 individuals
   13 loci
   4 populations assumed
   10000 Burn-in period
   20000 Reps


--------------------------------------------
Proportion of membership of each pre-defined
 population in each of the 4 clusters

Given    Inferred Clusters              Number of
 Pop       1      2      3      4      Individuals

 17:     0.027  0.312  0.328  0.333       18
 22:     0.214  0.204  0.321  0.261       11
 29:     0.049  0.289  0.415  0.247       13
 62:     0.091  0.230  0.475  0.204       20
122:     0.218  0.317  0.323  0.142       14
193:     0.230  0.249  0.292  0.229       14
205:     0.124  0.238  0.472  0.166       19
286:     0.470  0.144  0.255  0.131       13
328:     0.076  0.303  0.473  0.149       14
--------------------------------------------

Allele-freq. divergence among pops (Net nucleotide distance),
computed using point estimates of P.

      1       2       3       4      
 1      -    0.1612  0.1824  0.1228  
 2   0.1612     -    0.0077  0.0624  
 3   0.1824  0.0077     -    0.0750  
 4   0.1228  0.0624  0.0750     -    

Average distances (expected heterozygosity) between individuals in same cluster:
cluster  1  : 0.5481 
cluster  2  : 0.7416 
cluster  3  : 0.6832 
cluster  4  : 0.6358 

--------------------------------------------
Estimated Ln Prob of Data   = -5891.6
Mean value of ln likelihood = -5588.3
Variance of ln likelihood   = 606.5
Mean value of alpha         = 0.0998

Mean value of Fst_1         = 0.2895
Mean value of Fst_2         = 0.0275
Mean value of Fst_3         = 0.0604
Mean value of Fst_4         = 0.1355


Inferred ancestry of individuals:
        Label (%Miss) Pop:  Inferred clusters
  1    0079C    (0)   17 :  0.008 0.691 0.287 0.014 
  2    0079D    (0)   17 :  0.008 0.096 0.877 0.018 
  3    0079E    (0)   17 :  0.022 0.071 0.044 0.863 
  4    0079G    (0)   17 :  0.010 0.310 0.663 0.017 
  5    0082A    (0)   17 :  0.007 0.803 0.133 0.057 
  6    0082B    (0)   17 :  0.014 0.289 0.682 0.015 
  7    0082C    (0)   17 :  0.135 0.099 0.108 0.658 
  8    0082D    (0)   17 :  0.009 0.018 0.019 0.954 
  9    0121B    (0)   22 :  0.375 0.044 0.037 0.544 
 10    0121C    (0)   22 :  0.009 0.082 0.897 0.012 
 11    0147A    (0)   29 :  0.157 0.010 0.009 0.825 
 12    0147B    (0)   29 :  0.052 0.111 0.637 0.200 
 13    0147D    (0)   29 :  0.088 0.027 0.022 0.862 
 14    0167A    (0)   17 :  0.009 0.124 0.855 0.012 
 15    0167B    (0)   17 :  0.008 0.517 0.169 0.306 
 16    0167C    (0)   17 :  0.007 0.330 0.628 0.034 
 17    0309A    (0)   62 :  0.008 0.098 0.868 0.027 
 18    0309C    (0)   62 :  0.008 0.195 0.780 0.017 
 19    0309D    (0)   62 :  0.360 0.024 0.075 0.541 
 20    0309E    (0)   62 :  0.014 0.022 0.090 0.875 
 21    0625A    (0)   122 :  0.020 0.292 0.334 0.354 
 22    0625B    (0)   122 :  0.007 0.390 0.515 0.088 
 23    0625C    (0)   122 :  0.008 0.308 0.667 0.016 
 24    0625D    (0)   122 :  0.007 0.093 0.888 0.011 
 25    1029C    (0)   193 :  0.051 0.034 0.153 0.762 
 26    1029D    (0)   193 :  0.064 0.018 0.018 0.900 
 27    1029G    (0)   193 :  0.699 0.029 0.022 0.250 
 28    1187B    (0)   29 :  0.010 0.252 0.719 0.019 
 29    1187C    (0)   29 :  0.007 0.113 0.803 0.077 
 30    1187D    (0)   29 :  0.010 0.108 0.126 0.755 
 31    1187E    (0)   29 :  0.008 0.375 0.600 0.017 
 32    1314A    (0)   193 :  0.179 0.425 0.222 0.174 
 33    1314B    (0)   193 :  0.046 0.772 0.148 0.034 
 34    1314C    (0)   193 :  0.007 0.118 0.839 0.036 
 35    1314D    (0)   193 :  0.007 0.095 0.883 0.015 
 36    1314E    (0)   193 :  0.107 0.546 0.240 0.106 
 37    1319A    (0)   62 :  0.008 0.242 0.724 0.026 
 38    1319B    (0)   62 :  0.013 0.159 0.587 0.241 
 39    1600A    (0)   29 :  0.010 0.376 0.585 0.029 
 40    1600B    (0)   29 :  0.008 0.287 0.689 0.016 
 41    1600C    (0)   29 :  0.039 0.446 0.464 0.050 
 42    1630A    (0)   193 :  0.080 0.301 0.463 0.156 
 43    1630B    (0)   193 :  0.225 0.205 0.300 0.269 
 44    1630C    (0)   193 :  0.644 0.022 0.023 0.311 
 45    1711A    (0)   286 :  0.058 0.229 0.604 0.108 
 46    1711B    (0)   286 :  0.007 0.295 0.683 0.015 
 47    1711C    (0)   286 :  0.562 0.020 0.016 0.403 
 48    1711D    (0)   286 :  0.349 0.399 0.191 0.061 
 49    1711E    (0)   286 :  0.100 0.020 0.015 0.864 
 50    1715B    (0)   205 :  0.008 0.266 0.702 0.024 
 51    1715C    (0)   205 :  0.008 0.734 0.224 0.035 
 52    1715D    (0)   205 :  0.010 0.218 0.760 0.013 
 53    1715E    (0)   205 :  0.013 0.486 0.479 0.023 
 54    1726A    (0)   205 :  0.015 0.251 0.707 0.027 
 55    1726B    (0)   205 :  0.098 0.088 0.058 0.756 
 56    1783A    (0)   205 :  0.969 0.009 0.010 0.012 
 57    1783B    (0)   205 :  0.011 0.112 0.819 0.058 
 58    1783C    (0)   205 :  0.011 0.171 0.789 0.029 
 59    1783D    (0)   205 :  0.011 0.081 0.896 0.012 
 60    1783E    (0)   205 :  0.008 0.709 0.270 0.012 
 61    2008C    (0)   62 :  0.006 0.072 0.903 0.019 
 62    2008D    (0)   62 :  0.008 0.322 0.643 0.027 
 63    2008E    (0)   62 :  0.057 0.182 0.722 0.039 
 64    2008F    (0)   62 :  0.507 0.019 0.019 0.454 
 65    2008G    (0)   62 :  0.044 0.183 0.382 0.392 
 66    2008H    (0)   62 :  0.008 0.612 0.347 0.033 
 67    2033A    (0)   328 :  0.177 0.669 0.142 0.012 
 68    2159A    (0)   328 :  0.008 0.221 0.670 0.101 
 69    2159B    (0)   328 :  0.007 0.282 0.692 0.019 
 70    2159C    (0)   328 :  0.011 0.276 0.688 0.025 
 71    2159E    (0)   328 :  0.006 0.099 0.881 0.015 
 72    2341B    (0)   62 :  0.016 0.218 0.223 0.544 
 73    2341C    (0)   62 :  0.010 0.534 0.438 0.017 
 74    2351A    (0)   62 :  0.006 0.625 0.307 0.062 
 75    2366A    (0)   122 :  0.909 0.044 0.032 0.015 
 76    2366B    (0)   122 :  0.965 0.009 0.013 0.013 
 77    2366C    (0)   122 :  0.009 0.687 0.290 0.013 
 78    2366D    (0)   122 :  0.008 0.822 0.152 0.018 
 79    2409A    (0)   122 :  0.034 0.107 0.106 0.754 
 80    2423C    (0)   205 :  0.017 0.146 0.816 0.020 
 81    2423D    (0)   205 :  0.012 0.144 0.584 0.261 
 82    2423E    (0)   205 :  0.148 0.146 0.042 0.663 
 83    2856A    (0)   22 :  0.360 0.264 0.302 0.073 
 84    2856B    (0)   22 :  0.032 0.654 0.281 0.033 
 85    2856C    (0)   22 :  0.030 0.365 0.464 0.141 
 86    2856E    (0)   22 :  0.014 0.049 0.055 0.882 
 87    3026A    (0)   17 :  0.008 0.597 0.346 0.049 
 88    3026B    (0)   17 :  0.008 0.228 0.093 0.671 
 89    3253A    (0)   205 :  0.011 0.105 0.872 0.013 
 90    3280A    (0)   328 :  0.009 0.312 0.638 0.042 
 91    3280B    (0)   328 :  0.009 0.518 0.445 0.028 
 92    3760C    (0)   122 :  0.261 0.722 0.009 0.008 
 93    4249A    (0)   193 :  0.008 0.639 0.329 0.023 
 94    4316A    (0)   17 :  0.006 0.299 0.216 0.479 
 95    4316B    (0)   17 :  0.008 0.363 0.611 0.019 
 96    4316C    (0)   17 :  0.202 0.609 0.047 0.142 
 97    4316D    (0)   17 :  0.008 0.043 0.079 0.870 
 98    4316E    (0)   17 :  0.008 0.123 0.048 0.821 
 99    5597A    (0)   22 :  0.043 0.054 0.035 0.868 
100    5597B    (0)   22 :  0.008 0.236 0.712 0.045 
101    5597C    (0)   22 :  0.007 0.394 0.567 0.032 
102    5597D    (0)   22 :  0.505 0.088 0.170 0.237 
103    5637A    (0)   205 :  0.014 0.591 0.307 0.088 
104    5637C    (0)   205 :  0.156 0.211 0.594 0.040 
105    5637D    (0)   205 :  0.360 0.031 0.028 0.581 
106    5637E    (0)   205 :  0.472 0.018 0.013 0.497 
107    5912A    (0)   286 :  0.010 0.456 0.509 0.024 
108    5912B    (0)   286 :  0.009 0.110 0.866 0.015 
109    5912C    (0)   286 :  0.438 0.242 0.311 0.009 
110    5912D    (0)   286 :  0.837 0.046 0.071 0.045 
111    5954B    (0)   286 :  0.968 0.014 0.010 0.007 
112    5954C    (0)   286 :  0.932 0.014 0.014 0.040 
113    5954D    (0)   286 :  0.860 0.017 0.022 0.101 
114    5954E    (0)   286 :  0.972 0.012 0.008 0.007 
115    6136A    (0)   29 :  0.009 0.462 0.473 0.056 
116    6136B    (0)   29 :  0.009 0.698 0.022 0.271 
117    6136C    (0)   29 :  0.232 0.493 0.240 0.035 
118    6337A    (0)   328 :  0.054 0.235 0.611 0.101 
119    6337B    (0)   328 :  0.006 0.212 0.770 0.012 
120    6337C    (0)   328 :  0.009 0.297 0.671 0.023 
121    6337D    (0)   328 :  0.064 0.153 0.130 0.653 
122    6337E    (0)   328 :  0.027 0.378 0.096 0.499 
123    6382C    (0)   122 :  0.008 0.093 0.881 0.017 
124    6382E    (0)   122 :  0.011 0.486 0.488 0.015 
125    6382F    (0)   122 :  0.786 0.139 0.047 0.029 
126    6382G    (0)   122 :  0.022 0.246 0.100 0.632 
127    6514C    (0)   62 :  0.036 0.269 0.666 0.028 
128    6514E    (0)   62 :  0.022 0.124 0.835 0.019 
129    6514F    (0)   62 :  0.010 0.402 0.564 0.023 
130    6514G    (0)   62 :  0.605 0.107 0.273 0.014 
131    6514H    (0)   62 :  0.078 0.188 0.053 0.680 
132    6546B    (0)   328 :  0.342 0.508 0.104 0.046 
133    6546C    (0)   328 :  0.333 0.076 0.080 0.511 
134    6706A    (0)   193 :  0.497 0.121 0.302 0.079 
135    6706B    (0)   193 :  0.611 0.159 0.140 0.090 
136    6723B    (0)   22 :  0.974 0.010 0.009 0.008 


Estimated Allele Frequencies in each cluster
First column gives estimated ancestral frequencies


Locus 1 : 
9 alleles
0.0% missing data
 148   (0.614) 0.589 0.668 0.724 0.776 
 146   (0.140) 0.059 0.142 0.158 0.123 
 147   (0.103) 0.080 0.097 0.088 0.046 
   0   (0.026) 0.209 0.010 0.004 0.016 
 142   (0.030) 0.002 0.028 0.009 0.010 
 137   (0.018) 0.001 0.010 0.007 0.002 
 161   (0.029) 0.012 0.029 0.004 0.010 
 172   (0.020) 0.001 0.009 0.003 0.014 
 151   (0.020) 0.047 0.007 0.003 0.002 

Locus 2 : 
17 alleles
0.0% missing data
 197   (0.229) 0.106 0.278 0.364 0.365 
 205   (0.101) 0.117 0.101 0.134 0.035 
 199   (0.074) 0.135 0.056 0.060 0.071 
 201   (0.160) 0.136 0.210 0.116 0.203 
 203   (0.071) 0.010 0.089 0.029 0.108 
 213   (0.038) 0.003 0.036 0.060 0.005 
 227   (0.032) 0.005 0.020 0.011 0.083 
 221   (0.030) 0.003 0.019 0.034 0.010 
 211   (0.062) 0.004 0.052 0.060 0.076 
 215   (0.026) 0.002 0.022 0.026 0.003 
   0   (0.019) 0.371 0.007 0.003 0.004 
 217   (0.032) 0.002 0.019 0.043 0.012 
 191   (0.037) 0.013 0.030 0.022 0.014 
 193   (0.037) 0.087 0.020 0.026 0.004 
 219   (0.018) 0.001 0.012 0.006 0.002 
 241   (0.017) 0.003 0.015 0.002 0.002 
 207   (0.016) 0.002 0.013 0.003 0.003 

Locus 3 : 
10 alleles
0.0% missing data
 201   (0.246) 0.027 0.242 0.350 0.248 
 207   (0.298) 0.096 0.330 0.346 0.299 
 204   (0.219) 0.025 0.278 0.170 0.265 
   0   (0.026) 0.770 0.011 0.004 0.006 
 210   (0.099) 0.014 0.082 0.096 0.114 
 219   (0.020) 0.013 0.008 0.004 0.024 
 198   (0.026) 0.002 0.019 0.011 0.003 
 213   (0.021) 0.004 0.008 0.003 0.033 
 216   (0.021) 0.046 0.008 0.003 0.002 
 189   (0.024) 0.002 0.014 0.013 0.005 

Locus 4 : 
13 alleles
0.0% missing data
 138   (0.114) 0.012 0.124 0.119 0.158 
 140   (0.180) 0.024 0.237 0.193 0.191 
 132   (0.134) 0.242 0.123 0.185 0.071 
 154   (0.018) 0.001 0.010 0.008 0.002 
 142   (0.122) 0.053 0.131 0.126 0.176 
 134   (0.045) 0.162 0.026 0.034 0.018 
 128   (0.040) 0.027 0.028 0.012 0.074 
   0   (0.078) 0.441 0.071 0.025 0.178 
 136   (0.101) 0.016 0.096 0.144 0.078 
 144   (0.065) 0.007 0.072 0.048 0.035 
 146   (0.027) 0.002 0.018 0.020 0.004 
 152   (0.027) 0.005 0.016 0.030 0.004 
 130   (0.049) 0.010 0.047 0.057 0.010 

Locus 5 : 
10 alleles
0.0% missing data
 257   (0.359) 0.230 0.388 0.522 0.157 
 271   (0.055) 0.010 0.053 0.048 0.008 
 259   (0.301) 0.094 0.316 0.332 0.365 
   0   (0.061) 0.639 0.038 0.013 0.218 
 261   (0.062) 0.007 0.053 0.021 0.186 
 263   (0.020) 0.002 0.008 0.003 0.033 
 269   (0.035) 0.008 0.028 0.021 0.004 
 273   (0.068) 0.008 0.091 0.029 0.024 
 265   (0.019) 0.001 0.015 0.003 0.002 
 267   (0.020) 0.001 0.011 0.008 0.002 

Locus 6 : 
16 alleles
0.0% missing data
 147   (0.169) 0.242 0.215 0.163 0.216 
 141   (0.099) 0.035 0.092 0.147 0.207 
 149   (0.087) 0.101 0.066 0.124 0.114 
 159   (0.058) 0.005 0.057 0.048 0.132 
 137   (0.084) 0.016 0.101 0.105 0.078 
 139   (0.040) 0.004 0.048 0.023 0.008 
 161   (0.061) 0.036 0.042 0.056 0.095 
 151   (0.064) 0.086 0.052 0.106 0.015 
 153   (0.079) 0.089 0.088 0.068 0.027 
 165   (0.055) 0.023 0.054 0.034 0.039 
 145   (0.064) 0.031 0.072 0.061 0.024 
 135   (0.018) 0.014 0.008 0.003 0.006 
 157   (0.045) 0.003 0.044 0.026 0.029 
   0   (0.024) 0.208 0.019 0.004 0.003 
 143   (0.034) 0.105 0.020 0.027 0.005 
 155   (0.021) 0.002 0.023 0.004 0.003 

Locus 7 : 
5 alleles
0.0% missing data
 138   (0.708) 0.737 0.738 0.799 0.818 
 144   (0.087) 0.039 0.067 0.056 0.078 
 132   (0.147) 0.191 0.125 0.134 0.098 
   0   (0.040) 0.010 0.063 0.008 0.005 
 135   (0.019) 0.023 0.007 0.003 0.002 

Locus 8 : 
13 alleles
0.0% missing data
 276   (0.061) 0.005 0.064 0.055 0.014 
 286   (0.120) 0.010 0.154 0.140 0.045 
 278   (0.187) 0.034 0.207 0.252 0.174 
 270   (0.032) 0.002 0.022 0.009 0.043 
 280   (0.182) 0.026 0.199 0.251 0.232 
 266   (0.041) 0.002 0.035 0.049 0.017 
   0   (0.080) 0.881 0.065 0.024 0.160 
 282   (0.133) 0.019 0.139 0.145 0.133 
 274   (0.030) 0.002 0.017 0.018 0.013 
 290   (0.027) 0.002 0.011 0.009 0.092 
 284   (0.039) 0.011 0.033 0.023 0.009 
 288   (0.045) 0.003 0.035 0.018 0.064 
 272   (0.023) 0.001 0.020 0.008 0.003 

Locus 9 : 
16 alleles
0.0% missing data
 146   (0.349) 0.420 0.423 0.503 0.480 
 178   (0.029) 0.002 0.049 0.010 0.003 
 170   (0.058) 0.029 0.055 0.027 0.051 
 166   (0.067) 0.016 0.059 0.090 0.022 
 172   (0.050) 0.004 0.029 0.058 0.080 
 168   (0.066) 0.008 0.055 0.073 0.163 
 162   (0.023) 0.002 0.024 0.005 0.003 
 148   (0.066) 0.260 0.059 0.056 0.024 
 160   (0.075) 0.012 0.074 0.096 0.042 
 174   (0.039) 0.002 0.040 0.019 0.011 
 158   (0.040) 0.003 0.029 0.014 0.056 
   0   (0.031) 0.165 0.017 0.005 0.035 
 154   (0.048) 0.068 0.031 0.028 0.021 
 164   (0.017) 0.001 0.013 0.004 0.002 
 180   (0.017) 0.002 0.015 0.002 0.002 
 142   (0.026) 0.006 0.028 0.009 0.004 

Locus 10 : 
8 alleles
0.0% missing data
 158   (0.726) 0.624 0.769 0.871 0.808 
 160   (0.117) 0.012 0.119 0.101 0.124 
 154   (0.031) 0.002 0.018 0.007 0.034 
 156   (0.021) 0.066 0.008 0.003 0.002 
 152   (0.034) 0.003 0.047 0.005 0.007 
   0   (0.032) 0.290 0.019 0.006 0.004 
 144   (0.019) 0.002 0.009 0.004 0.011 
 162   (0.021) 0.001 0.011 0.004 0.009 

Locus 11 : 
15 alleles
0.0% missing data
 214   (0.141) 0.056 0.170 0.111 0.047 
 220   (0.126) 0.007 0.154 0.158 0.041 
 210   (0.065) 0.005 0.052 0.129 0.013 
 218   (0.228) 0.013 0.274 0.369 0.165 
 192   (0.016) 0.001 0.007 0.003 0.015 
 194   (0.020) 0.001 0.008 0.003 0.016 
 212   (0.044) 0.004 0.028 0.025 0.027 
   0   (0.066) 0.877 0.041 0.015 0.540 
 222   (0.105) 0.010 0.098 0.089 0.069 
 224   (0.028) 0.005 0.015 0.009 0.015 
 216   (0.071) 0.012 0.080 0.069 0.018 
 200   (0.019) 0.002 0.015 0.003 0.002 
 204   (0.020) 0.002 0.016 0.003 0.002 
 188   (0.029) 0.002 0.032 0.005 0.028 
 208   (0.021) 0.001 0.009 0.010 0.003 

Locus 12 : 
18 alleles
0.0% missing data
 144   (0.042) 0.062 0.041 0.013 0.005 
 162   (0.045) 0.014 0.049 0.030 0.006 
 170   (0.039) 0.003 0.030 0.049 0.004 
   0   (0.046) 0.088 0.028 0.010 0.682 
 148   (0.092) 0.107 0.092 0.087 0.035 
 142   (0.087) 0.054 0.079 0.111 0.037 
 154   (0.033) 0.007 0.052 0.024 0.005 
 146   (0.266) 0.486 0.347 0.401 0.122 
 164   (0.046) 0.003 0.045 0.055 0.005 
 168   (0.030) 0.002 0.020 0.025 0.008 
 156   (0.063) 0.010 0.040 0.087 0.057 
 172   (0.040) 0.015 0.043 0.022 0.008 
 166   (0.055) 0.017 0.053 0.052 0.013 
 158   (0.036) 0.036 0.031 0.011 0.004 
 150   (0.020) 0.005 0.012 0.005 0.003 
 174   (0.017) 0.003 0.015 0.002 0.002 
 182   (0.019) 0.001 0.011 0.007 0.002 
 160   (0.026) 0.085 0.013 0.008 0.003 

Locus 13 : 
16 alleles
0.0% missing data
 285   (0.289) 0.080 0.337 0.294 0.117 
 291   (0.106) 0.012 0.104 0.150 0.048 
 289   (0.110) 0.008 0.126 0.259 0.014 
   0   (0.086) 0.767 0.051 0.019 0.736 
 277   (0.034) 0.003 0.032 0.028 0.004 
 273   (0.043) 0.004 0.054 0.081 0.007 
 293   (0.045) 0.004 0.072 0.013 0.022 
 287   (0.057) 0.024 0.050 0.039 0.009 
 295   (0.044) 0.003 0.045 0.045 0.006 
 301   (0.019) 0.002 0.011 0.007 0.004 
 303   (0.031) 0.008 0.026 0.014 0.005 
 279   (0.033) 0.003 0.019 0.016 0.016 
 181   (0.018) 0.001 0.011 0.006 0.003 
 283   (0.026) 0.074 0.017 0.004 0.003 
 281   (0.020) 0.001 0.010 0.008 0.003 
 297   (0.037) 0.005 0.035 0.017 0.004 

Values of parameters used in structure:
DATAFILE=bws18_structure.txt,	OUTFILE=bws18_structurek4_2_results,	NUMINDS=136,	NUMLOCI=13,	MISSING=-9,	LABEL=1,	POPDATA=1,	POPFLAG=0,	PHENOTYPE=0,	EXTRACOLS=0,	MAXPOPS=4,	BURNIN=10000,	NUMREPS=20000,	USEPOPINFO=0,	INFERALPHA=1,	INFERLAMBDA=0,	POPSPECIFICLAMBDA=0,	POPALPHAS=0,	COMPUTEPROB=1,	NOADMIX=0,	ADMBURNIN=500,	UPDATEFREQ=100,	PRINTLIKES=0,	INTERMEDSAVE=0,	PRINTKLD=0,	PRINTNET=1,	PRINTLAMBDA=1,	ANCESTDIST=0,	NUMBOXES=1000,	ANCESTPINT=0.90000,	GENSBACK=2,	MIGRPRIOR=0.01000,	PRINTQHAT=0,	PRINTQSUM=1,	ALPHA=1.0000,	FREQSCORR=1,	FPRIORMEAN=0.0100,	FPRIORSD=0.0500,	ONEFST=0,	LAMBDA=1.0000,	UNIFPRIORALPHA=1,	ALPHAMAX=10.0000,	ALPHAPRIORA=1.0000,	ALPHAPRIORB=2.0000,	ALPHAPROPSD=0.0250,	STARTATPOPINFO=0,	RANDOMIZE=1,	LINKAGE=0,	METROFREQ=10,	REPORTHITRATE=0,	MARKOVPHASE=0,	PHASED=0,	PLOIDY=2,	PHASEINFO=0	LOCPRIOR=0, 	LOCPRIORINIT=1.000000, 	LOCDATA=0, 	LOCISPOP=1, 	LOCPRIORSTEP=0.100000, 	MAXLOCPRIOR=20.000000, 	SEED=1682095917,	
[STRAT parameters]:    NUMSIMSTATS=1000,	PHENOTYPECOL=-9,	POOLFREQ=10,	LOCUSxONLY=0,	EMERROR=0.00100,	MISSINGPHENO=-9,	