

----------------------------------------------------
STRUCTURE by Pritchard, Stephens and Donnelly (2000)
     and Falush, Stephens and Pritchard (2003)
       Code by Pritchard, Falush and Hubisz
             Version 2.3.4 (Jul 2012)
----------------------------------------------------



Command line arguments:   ./structure -m mainparams_bws18_k5_3 
Input File:    bws18_structure.txt

Run parameters:
   141 individuals
   13 loci
   5 populations assumed
   10000 Burn-in period
   20000 Reps


--------------------------------------------
Proportion of membership of each pre-defined
 population in each of the 5 clusters

Given    Inferred Clusters                     Number of
 Pop       1      2      3      4      5      Individuals

 17:     0.217  0.263  0.137  0.154  0.229       18
 22:     0.274  0.151  0.094  0.293  0.189       11
 29:     0.195  0.223  0.127  0.298  0.157       14
 62:     0.251  0.131  0.194  0.218  0.206       20
122:     0.269  0.306  0.155  0.143  0.128       14
193:     0.179  0.139  0.249  0.296  0.138       14
205:     0.189  0.183  0.117  0.343  0.168       21
286:     0.119  0.179  0.154  0.280  0.268       14
328:     0.175  0.138  0.322  0.125  0.240       15
--------------------------------------------

Allele-freq. divergence among pops (Net nucleotide distance),
computed using point estimates of P.

      1       2       3       4       5      
 1      -    0.0076  0.0225  0.0183  0.0177  
 2   0.0076     -    0.0178  0.0145  0.0180  
 3   0.0225  0.0178     -    0.0277  0.0312  
 4   0.0183  0.0145  0.0277     -    0.0294  
 5   0.0177  0.0180  0.0312  0.0294     -    

Average distances (expected heterozygosity) between individuals in same cluster:
cluster  1  : 0.6814 
cluster  2  : 0.7377 
cluster  3  : 0.6584 
cluster  4  : 0.6657 
cluster  5  : 0.6687 

--------------------------------------------
Estimated Ln Prob of Data   = -5303.9
Mean value of ln likelihood = -4857.0
Variance of ln likelihood   = 893.8
Mean value of alpha         = 0.1038

Mean value of Fst_1         = 0.0715
Mean value of Fst_2         = 0.0227
Mean value of Fst_3         = 0.1116
Mean value of Fst_4         = 0.0817
Mean value of Fst_5         = 0.0984


Inferred ancestry of individuals:
        Label (%Miss) Pop:  Inferred clusters
  1    0079C    (0)   17 :  0.086 0.493 0.331 0.065 0.025 
  2    0079D    (0)   17 :  0.614 0.138 0.067 0.083 0.099 
  3    0079E   (23)   17 :  0.198 0.424 0.053 0.059 0.266 
  4    0079G    (0)   17 :  0.214 0.224 0.287 0.143 0.132 
  5    0082A    (0)   17 :  0.083 0.236 0.080 0.047 0.554 
  6    0082B    (0)   17 :  0.047 0.034 0.025 0.030 0.863 
  7    0082C   (15)   17 :  0.042 0.060 0.595 0.226 0.077 
  8    0082D   (23)   17 :  0.232 0.217 0.132 0.316 0.103 
  9    0121B   (38)   22 :  0.126 0.119 0.073 0.124 0.558 
 10    0121C    (0)   22 :  0.077 0.100 0.100 0.699 0.024 
 11    0147A   (38)   29 :  0.282 0.252 0.277 0.080 0.109 
 12    0147B    (7)   29 :  0.079 0.048 0.051 0.795 0.027 
 13    0147D   (30)   29 :  0.194 0.160 0.033 0.435 0.178 
 14    0167A    (0)   17 :  0.394 0.402 0.033 0.106 0.065 
 15    0167B    (0)   17 :  0.448 0.205 0.150 0.047 0.149 
 16    0167C    (0)   17 :  0.100 0.157 0.033 0.047 0.664 
 17    0309A    (0)   62 :  0.443 0.053 0.065 0.085 0.353 
 18    0309C    (0)   62 :  0.453 0.179 0.104 0.174 0.090 
 19    0309D   (30)   62 :  0.244 0.048 0.033 0.098 0.577 
 20    0309E   (15)   62 :  0.428 0.130 0.137 0.070 0.234 
 21    0625A    (7)   122 :  0.550 0.127 0.076 0.125 0.121 
 22    0625B    (0)   122 :  0.387 0.198 0.196 0.054 0.166 
 23    0625C    (0)   122 :  0.562 0.186 0.166 0.034 0.053 
 24    0625D    (0)   122 :  0.329 0.107 0.359 0.146 0.059 
 25    1029C   (23)   193 :  0.126 0.053 0.039 0.695 0.087 
 26    1029D   (30)   193 :  0.137 0.086 0.101 0.631 0.044 
 27    1029G   (46)   193 :  0.199 0.190 0.067 0.085 0.460 
 28    1187A    (0)   29 :  0.052 0.029 0.022 0.876 0.021 
 29    1187B    (0)   29 :  0.120 0.196 0.329 0.180 0.175 
 30    1187C    (0)   29 :  0.171 0.038 0.040 0.695 0.057 
 31    1187D   (15)   29 :  0.244 0.211 0.130 0.155 0.261 
 32    1187E    (0)   29 :  0.058 0.075 0.270 0.016 0.582 
 33    1314A   (15)   193 :  0.046 0.041 0.780 0.049 0.084 
 34    1314B   (15)   193 :  0.496 0.098 0.190 0.101 0.115 
 35    1314C    (0)   193 :  0.587 0.085 0.051 0.148 0.129 
 36    1314D    (0)   193 :  0.079 0.102 0.104 0.640 0.076 
 37    1314E    (7)   193 :  0.071 0.068 0.523 0.058 0.280 
 38    1319A    (0)   62 :  0.268 0.130 0.107 0.091 0.404 
 39    1319B    (7)   62 :  0.471 0.107 0.122 0.097 0.203 
 40    1600A    (0)   29 :  0.581 0.157 0.048 0.052 0.162 
 41    1600B    (0)   29 :  0.224 0.493 0.099 0.119 0.065 
 42    1600C    (7)   29 :  0.054 0.081 0.217 0.585 0.063 
 43    1630A    (7)   193 :  0.068 0.105 0.104 0.668 0.055 
 44    1630B   (15)   193 :  0.031 0.029 0.811 0.102 0.026 
 45    1630C   (46)   193 :  0.095 0.105 0.099 0.454 0.248 
 46    1711A    (7)   286 :  0.079 0.038 0.035 0.029 0.819 
 47    1711B    (0)   286 :  0.048 0.072 0.044 0.038 0.797 
 48    1711C   (46)   286 :  0.089 0.049 0.725 0.095 0.042 
 49    1711D   (23)   286 :  0.335 0.181 0.055 0.299 0.130 
 50    1711E   (30)   286 :  0.225 0.080 0.043 0.336 0.316 
 51    1715A    (0)   205 :  0.068 0.090 0.221 0.590 0.031 
 52    1715B    (0)   205 :  0.050 0.067 0.062 0.783 0.038 
 53    1715C    (0)   205 :  0.039 0.267 0.086 0.523 0.084 
 54    1715D    (0)   205 :  0.472 0.335 0.023 0.056 0.113 
 55    1715E    (0)   205 :  0.177 0.063 0.063 0.669 0.028 
 56    1726A    (0)   205 :  0.059 0.062 0.065 0.775 0.040 
 57    1726B   (23)   205 :  0.144 0.190 0.348 0.199 0.119 
 58    1783A   (46)   205 :  0.110 0.250 0.044 0.536 0.060 
 59    1783B    (0)   205 :  0.078 0.054 0.065 0.607 0.197 
 60    1783C    (0)   205 :  0.147 0.148 0.075 0.494 0.136 
 61    1783D    (0)   205 :  0.036 0.058 0.034 0.846 0.027 
 62    1783E    (0)   205 :  0.110 0.546 0.250 0.042 0.052 
 63    2008C    (0)   62 :  0.105 0.135 0.026 0.621 0.114 
 64    2008D    (0)   62 :  0.390 0.375 0.057 0.104 0.074 
 65    2008E    (7)   62 :  0.387 0.068 0.125 0.191 0.228 
 66    2008F   (38)   62 :  0.126 0.079 0.558 0.137 0.100 
 67    2008G    (7)   62 :  0.506 0.083 0.040 0.244 0.127 
 68    2008H    (0)   62 :  0.037 0.037 0.829 0.052 0.045 
 69    2033A   (23)   328 :  0.173 0.296 0.064 0.314 0.153 
 70    2159A    (0)   328 :  0.147 0.057 0.672 0.029 0.094 
 71    2159B    (0)   328 :  0.026 0.018 0.924 0.014 0.018 
 72    2159C    (0)   328 :  0.519 0.186 0.162 0.090 0.043 
 73    2159D    (0)   328 :  0.022 0.016 0.930 0.013 0.018 
 74    2159E    (0)   328 :  0.082 0.082 0.241 0.411 0.185 
 75    2341B    (7)   62 :  0.257 0.042 0.038 0.024 0.638 
 76    2341C    (0)   62 :  0.062 0.449 0.031 0.429 0.030 
 77    2351A    (0)   62 :  0.188 0.231 0.102 0.046 0.433 
 78    2366A   (46)   122 :  0.061 0.248 0.350 0.142 0.199 
 79    2366B   (46)   122 :  0.147 0.238 0.138 0.376 0.100 
 80    2366C    (0)   122 :  0.052 0.440 0.151 0.343 0.014 
 81    2366D    (0)   122 :  0.099 0.515 0.218 0.025 0.142 
 82    2409A   (15)   122 :  0.094 0.089 0.056 0.034 0.728 
 83    2423C    (0)   205 :  0.229 0.152 0.298 0.271 0.051 
 84    2423D    (7)   205 :  0.719 0.110 0.040 0.056 0.075 
 85    2423E   (30)   205 :  0.165 0.628 0.033 0.053 0.121 
 86    2856A   (23)   22 :  0.037 0.091 0.050 0.599 0.223 
 87    2856B    (7)   22 :  0.082 0.442 0.164 0.271 0.041 
 88    2856C    (7)   22 :  0.072 0.053 0.063 0.057 0.755 
 89    2856E   (23)   22 :  0.654 0.074 0.081 0.038 0.152 
 90    3026A    (0)   17 :  0.053 0.283 0.055 0.580 0.029 
 91    3026B   (15)   17 :  0.285 0.397 0.089 0.063 0.167 
 92    3253A    (0)   205 :  0.591 0.132 0.087 0.089 0.101 
 93    3280A    (0)   328 :  0.405 0.107 0.033 0.099 0.355 
 94    3280B    (0)   328 :  0.483 0.252 0.154 0.024 0.088 
 95    3760C   (23)   122 :  0.012 0.961 0.008 0.010 0.009 
 96    4249A    (0)   193 :  0.120 0.470 0.177 0.138 0.095 
 97    4316A    (7)   17 :  0.164 0.286 0.153 0.144 0.253 
 98    4316B    (0)   17 :  0.339 0.350 0.087 0.143 0.081 
 99    4316C   (15)   17 :  0.205 0.374 0.130 0.210 0.080 
100    4316D   (15)   17 :  0.160 0.088 0.060 0.400 0.292 
101    4316E   (15)   17 :  0.233 0.365 0.115 0.060 0.227 
102    5597A   (23)   22 :  0.336 0.228 0.188 0.203 0.045 
103    5597B    (0)   22 :  0.569 0.079 0.048 0.182 0.122 
104    5597C    (0)   22 :  0.354 0.192 0.108 0.301 0.046 
105    5597D   (23)   22 :  0.121 0.064 0.080 0.673 0.062 
106    5637A    (0)   205 :  0.165 0.121 0.097 0.030 0.587 
107    5637C    (7)   205 :  0.205 0.171 0.236 0.347 0.040 
108    5637D   (38)   205 :  0.222 0.174 0.152 0.179 0.273 
109    5637E   (46)   205 :  0.091 0.113 0.085 0.031 0.680 
110    5637G   (46)   205 :  0.091 0.108 0.098 0.023 0.680 
111    5912A    (0)   286 :  0.161 0.251 0.044 0.048 0.496 
112    5912B    (0)   286 :  0.063 0.039 0.045 0.811 0.041 
113    5912C   (30)   286 :  0.091 0.189 0.088 0.047 0.586 
114    5912D   (30)   286 :  0.144 0.373 0.205 0.232 0.045 
115    5912E   (15)   286 :  0.168 0.114 0.083 0.588 0.047 
116    5954B   (38)   286 :  0.064 0.614 0.244 0.038 0.041 
117    5954C   (46)   286 :  0.107 0.073 0.376 0.159 0.285 
118    5954D   (46)   286 :  0.057 0.048 0.079 0.771 0.044 
119    5954E   (53)   286 :  0.033 0.381 0.095 0.429 0.062 
120    6136A    (0)   29 :  0.227 0.132 0.154 0.056 0.431 
121    6136B    (7)   29 :  0.075 0.811 0.043 0.018 0.053 
122    6136C   (15)   29 :  0.370 0.435 0.064 0.113 0.018 
123    6337A    (7)   328 :  0.137 0.052 0.044 0.020 0.746 
124    6337B    (0)   328 :  0.104 0.049 0.037 0.070 0.740 
125    6337C    (0)   328 :  0.066 0.088 0.039 0.075 0.731 
126    6337D   (15)   328 :  0.028 0.043 0.806 0.097 0.025 
127    6337E    (7)   328 :  0.112 0.293 0.491 0.051 0.054 
128    6382C    (0)   122 :  0.212 0.198 0.116 0.390 0.084 
129    6382E    (0)   122 :  0.399 0.289 0.232 0.053 0.027 
130    6382F   (46)   122 :  0.760 0.151 0.049 0.019 0.021 
131    6382G   (15)   122 :  0.099 0.532 0.056 0.250 0.063 
132    6514C    (0)   62 :  0.053 0.138 0.051 0.485 0.274 
133    6514E    (0)   62 :  0.140 0.091 0.149 0.543 0.077 
134    6514F    (0)   62 :  0.360 0.095 0.431 0.057 0.057 
135    6514G   (30)   62 :  0.033 0.103 0.048 0.777 0.039 
136    6514H   (15)   62 :  0.075 0.040 0.817 0.041 0.028 
137    6546B   (23)   328 :  0.232 0.428 0.100 0.050 0.189 
138    6546C   (30)   328 :  0.087 0.103 0.135 0.523 0.152 
139    6706A   (23)   193 :  0.327 0.193 0.190 0.123 0.167 
140    6706B   (30)   193 :  0.117 0.316 0.258 0.246 0.064 
141    6723B   (46)   22 :  0.580 0.213 0.079 0.074 0.054 


Estimated Allele Frequencies in each cluster
First column gives estimated ancestral frequencies


Locus 1 : 
8 alleles
3.5% missing data
 148   (0.670) 0.784 0.675 0.635 0.806 0.710 
 146   (0.128) 0.077 0.106 0.279 0.106 0.167 
 147   (0.104) 0.106 0.112 0.062 0.043 0.099 
 142   (0.025) 0.007 0.024 0.006 0.022 0.005 
 137   (0.015) 0.008 0.012 0.003 0.003 0.003 
 161   (0.024) 0.007 0.040 0.004 0.004 0.005 
 172   (0.016) 0.007 0.013 0.004 0.003 0.006 
 151   (0.019) 0.005 0.018 0.006 0.014 0.005 

Locus 2 : 
16 alleles
5.7% missing data
 197   (0.285) 0.419 0.303 0.340 0.239 0.329 
 205   (0.105) 0.122 0.117 0.043 0.135 0.099 
 199   (0.076) 0.054 0.070 0.039 0.123 0.060 
 201   (0.155) 0.146 0.175 0.279 0.166 0.104 
 203   (0.054) 0.041 0.068 0.031 0.012 0.180 
 213   (0.044) 0.048 0.034 0.013 0.024 0.066 
 227   (0.034) 0.020 0.029 0.100 0.012 0.012 
 221   (0.028) 0.010 0.018 0.078 0.022 0.007 
 211   (0.052) 0.063 0.044 0.028 0.107 0.024 
 215   (0.026) 0.010 0.019 0.012 0.006 0.046 
 217   (0.033) 0.020 0.020 0.007 0.033 0.044 
 193   (0.038) 0.016 0.043 0.012 0.067 0.010 
 191   (0.026) 0.013 0.020 0.007 0.045 0.010 
 219   (0.012) 0.009 0.009 0.004 0.002 0.003 
 241   (0.014) 0.003 0.017 0.002 0.002 0.002 
 207   (0.018) 0.007 0.013 0.005 0.005 0.004 

Locus 3 : 
9 alleles
12.8% missing data
 201   (0.266) 0.274 0.255 0.319 0.377 0.214 
 207   (0.331) 0.348 0.372 0.388 0.378 0.214 
 204   (0.203) 0.195 0.207 0.175 0.154 0.390 
 210   (0.101) 0.140 0.087 0.078 0.059 0.099 
 219   (0.019) 0.012 0.010 0.004 0.005 0.025 
 198   (0.022) 0.008 0.020 0.014 0.006 0.007 
 213   (0.019) 0.011 0.012 0.005 0.012 0.015 
 216   (0.020) 0.006 0.025 0.013 0.004 0.005 
 189   (0.019) 0.008 0.011 0.005 0.003 0.031 

Locus 4 : 
12 alleles
12.8% missing data
 138   (0.140) 0.165 0.167 0.131 0.110 0.072 
 140   (0.186) 0.154 0.208 0.191 0.114 0.384 
 132   (0.176) 0.213 0.199 0.181 0.146 0.127 
 154   (0.016) 0.007 0.011 0.008 0.004 0.005 
 142   (0.128) 0.162 0.110 0.063 0.155 0.237 
 134   (0.055) 0.023 0.047 0.059 0.082 0.039 
 128   (0.033) 0.013 0.023 0.122 0.022 0.013 
 136   (0.104) 0.096 0.103 0.056 0.221 0.055 
 144   (0.059) 0.076 0.058 0.092 0.016 0.025 
 146   (0.028) 0.022 0.021 0.010 0.007 0.020 
 152   (0.029) 0.017 0.019 0.069 0.013 0.008 
 130   (0.045) 0.052 0.033 0.018 0.110 0.014 

Locus 5 : 
9 alleles
16.3% missing data
 257   (0.414) 0.477 0.401 0.625 0.401 0.405 
 271   (0.059) 0.038 0.067 0.030 0.035 0.034 
 259   (0.307) 0.341 0.283 0.245 0.453 0.368 
 261   (0.078) 0.082 0.081 0.051 0.042 0.089 
 263   (0.022) 0.015 0.016 0.012 0.006 0.011 
 269   (0.026) 0.011 0.023 0.009 0.006 0.052 
 273   (0.060) 0.026 0.104 0.016 0.051 0.020 
 265   (0.017) 0.005 0.015 0.007 0.003 0.006 
 267   (0.018) 0.005 0.011 0.004 0.004 0.016 

Locus 6 : 
15 alleles
4.3% missing data
 147   (0.160) 0.129 0.157 0.499 0.158 0.156 
 141   (0.116) 0.170 0.106 0.045 0.112 0.215 
 149   (0.106) 0.081 0.098 0.077 0.153 0.124 
 159   (0.068) 0.092 0.078 0.024 0.019 0.106 
 137   (0.097) 0.131 0.103 0.042 0.039 0.135 
 139   (0.039) 0.024 0.043 0.019 0.008 0.032 
 161   (0.050) 0.039 0.039 0.024 0.146 0.017 
 151   (0.063) 0.040 0.060 0.024 0.177 0.030 
 153   (0.080) 0.061 0.102 0.044 0.064 0.063 
 165   (0.056) 0.037 0.055 0.022 0.061 0.038 
 145   (0.057) 0.078 0.049 0.128 0.033 0.023 
 135   (0.015) 0.006 0.010 0.004 0.003 0.009 
 157   (0.040) 0.024 0.046 0.029 0.012 0.033 
 143   (0.032) 0.083 0.030 0.015 0.011 0.008 
 155   (0.020) 0.007 0.024 0.005 0.004 0.009 

Locus 7 : 
4 alleles
2.1% missing data
 138   (0.757) 0.754 0.765 0.885 0.735 0.886 
 144   (0.072) 0.074 0.067 0.025 0.102 0.022 
 132   (0.153) 0.161 0.156 0.087 0.159 0.089 
 135   (0.018) 0.012 0.011 0.004 0.003 0.004 

Locus 8 : 
12 alleles
20.6% missing data
 276   (0.068) 0.041 0.067 0.093 0.088 0.019 
 286   (0.140) 0.171 0.165 0.100 0.055 0.148 
 278   (0.203) 0.140 0.207 0.244 0.418 0.186 
 270   (0.030) 0.026 0.031 0.014 0.008 0.020 
 280   (0.227) 0.251 0.222 0.209 0.203 0.342 
 266   (0.037) 0.020 0.026 0.020 0.018 0.108 
 282   (0.139) 0.240 0.145 0.140 0.083 0.105 
 274   (0.029) 0.012 0.022 0.020 0.043 0.007 
 290   (0.032) 0.022 0.023 0.009 0.047 0.037 
 284   (0.035) 0.049 0.033 0.016 0.012 0.012 
 288   (0.040) 0.022 0.035 0.126 0.014 0.012 
 272   (0.021) 0.007 0.024 0.008 0.010 0.005 

Locus 9 : 
15 alleles
3.5% missing data
 146   (0.396) 0.458 0.435 0.518 0.548 0.458 
 178   (0.034) 0.010 0.048 0.017 0.010 0.014 
 170   (0.040) 0.089 0.036 0.039 0.010 0.012 
 166   (0.065) 0.056 0.067 0.025 0.073 0.051 
 172   (0.054) 0.036 0.048 0.029 0.099 0.023 
 168   (0.076) 0.113 0.058 0.087 0.043 0.116 
 162   (0.023) 0.008 0.018 0.006 0.008 0.014 
 148   (0.083) 0.078 0.073 0.052 0.089 0.131 
 160   (0.064) 0.072 0.053 0.114 0.024 0.100 
 174   (0.032) 0.020 0.040 0.017 0.012 0.010 
 158   (0.035) 0.015 0.026 0.065 0.022 0.009 
 154   (0.042) 0.020 0.044 0.015 0.038 0.038 
 164   (0.014) 0.003 0.010 0.004 0.009 0.003 
 180   (0.014) 0.003 0.017 0.003 0.002 0.002 
 142   (0.027) 0.018 0.025 0.010 0.012 0.018 

Locus 10 : 
7 alleles
5.0% missing data
 158   (0.767) 0.854 0.745 0.797 0.911 0.858 
 160   (0.124) 0.108 0.134 0.155 0.043 0.115 
 154   (0.027) 0.012 0.021 0.009 0.018 0.009 
 156   (0.024) 0.011 0.023 0.013 0.015 0.006 
 152   (0.026) 0.007 0.053 0.005 0.004 0.005 
 144   (0.017) 0.004 0.009 0.017 0.004 0.003 
 162   (0.016) 0.005 0.014 0.003 0.005 0.003 

Locus 11 : 
14 alleles
29.1% missing data
 214   (0.153) 0.133 0.218 0.107 0.144 0.073 
 220   (0.141) 0.136 0.135 0.265 0.136 0.111 
 210   (0.085) 0.130 0.070 0.067 0.088 0.086 
 218   (0.268) 0.369 0.234 0.290 0.312 0.500 
 192   (0.018) 0.008 0.016 0.005 0.005 0.009 
 194   (0.017) 0.007 0.015 0.005 0.004 0.008 
 212   (0.033) 0.029 0.025 0.056 0.024 0.012 
 222   (0.092) 0.096 0.078 0.092 0.149 0.081 
 224   (0.021) 0.009 0.015 0.006 0.006 0.031 
 216   (0.085) 0.051 0.091 0.061 0.105 0.066 
 200   (0.018) 0.005 0.021 0.004 0.004 0.004 
 204   (0.020) 0.005 0.023 0.004 0.004 0.004 
 188   (0.031) 0.014 0.047 0.033 0.008 0.009 
 208   (0.018) 0.008 0.013 0.006 0.010 0.005 

Locus 12 : 
17 alleles
18.4% missing data
 144   (0.035) 0.013 0.049 0.044 0.016 0.015 
 162   (0.045) 0.038 0.055 0.035 0.014 0.016 
 170   (0.046) 0.033 0.037 0.015 0.038 0.048 
 148   (0.083) 0.070 0.076 0.160 0.116 0.112 
 142   (0.074) 0.039 0.061 0.064 0.099 0.186 
 154   (0.043) 0.018 0.035 0.036 0.057 0.036 
 146   (0.350) 0.480 0.373 0.461 0.432 0.319 
 164   (0.048) 0.025 0.048 0.028 0.068 0.028 
 168   (0.022) 0.025 0.035 0.006 0.009 0.007 
 156   (0.056) 0.088 0.040 0.082 0.032 0.117 
 172   (0.038) 0.061 0.029 0.014 0.020 0.019 
 166   (0.059) 0.043 0.057 0.028 0.040 0.064 
 158   (0.028) 0.037 0.036 0.007 0.006 0.008 
 150   (0.019) 0.010 0.012 0.005 0.007 0.006 
 174   (0.019) 0.005 0.021 0.004 0.003 0.004 
 182   (0.011) 0.007 0.011 0.003 0.004 0.003 
 160   (0.025) 0.007 0.025 0.009 0.038 0.011 

Locus 13 : 
15 alleles
31.2% missing data
 285   (0.290) 0.273 0.290 0.415 0.325 0.320 
 291   (0.121) 0.106 0.118 0.101 0.292 0.057 
 289   (0.181) 0.349 0.187 0.126 0.121 0.176 
 277   (0.040) 0.020 0.036 0.032 0.057 0.017 
 273   (0.036) 0.019 0.024 0.011 0.014 0.262 
 293   (0.054) 0.057 0.072 0.030 0.017 0.035 
 287   (0.050) 0.021 0.040 0.192 0.015 0.032 
 295   (0.049) 0.020 0.053 0.020 0.089 0.016 
 301   (0.021) 0.007 0.013 0.006 0.015 0.005 
 303   (0.028) 0.029 0.022 0.009 0.015 0.020 
 279   (0.029) 0.034 0.024 0.016 0.011 0.008 
 181   (0.018) 0.007 0.011 0.005 0.004 0.020 
 283   (0.032) 0.010 0.060 0.018 0.007 0.008 
 281   (0.018) 0.015 0.012 0.005 0.006 0.006 
 297   (0.034) 0.035 0.038 0.014 0.011 0.017 

Values of parameters used in structure:
DATAFILE=bws18_structure.txt,	OUTFILE=bws18_structurek5_3_results,	NUMINDS=141,	NUMLOCI=13,	MISSING=-9,	LABEL=1,	POPDATA=1,	POPFLAG=0,	PHENOTYPE=0,	EXTRACOLS=0,	MAXPOPS=5,	BURNIN=10000,	NUMREPS=20000,	USEPOPINFO=0,	INFERALPHA=1,	INFERLAMBDA=0,	POPSPECIFICLAMBDA=0,	POPALPHAS=0,	COMPUTEPROB=1,	NOADMIX=0,	ADMBURNIN=500,	UPDATEFREQ=100,	PRINTLIKES=0,	INTERMEDSAVE=0,	PRINTKLD=0,	PRINTNET=1,	PRINTLAMBDA=1,	ANCESTDIST=0,	NUMBOXES=1000,	ANCESTPINT=0.90000,	GENSBACK=2,	MIGRPRIOR=0.01000,	PRINTQHAT=0,	PRINTQSUM=1,	ALPHA=1.0000,	FREQSCORR=1,	FPRIORMEAN=0.0100,	FPRIORSD=0.0500,	ONEFST=0,	LAMBDA=1.0000,	UNIFPRIORALPHA=1,	ALPHAMAX=10.0000,	ALPHAPRIORA=1.0000,	ALPHAPRIORB=2.0000,	ALPHAPROPSD=0.0250,	STARTATPOPINFO=0,	RANDOMIZE=1,	LINKAGE=0,	METROFREQ=10,	REPORTHITRATE=0,	MARKOVPHASE=0,	PHASED=0,	PLOIDY=2,	PHASEINFO=0	LOCPRIOR=0, 	LOCPRIORINIT=1.000000, 	LOCDATA=0, 	LOCISPOP=1, 	LOCPRIORSTEP=0.100000, 	MAXLOCPRIOR=20.000000, 	SEED=1680179560,	
[STRAT parameters]:    NUMSIMSTATS=1000,	PHENOTYPECOL=-9,	POOLFREQ=10,	LOCUSxONLY=0,	EMERROR=0.00100,	MISSINGPHENO=-9,	