

----------------------------------------------------
STRUCTURE by Pritchard, Stephens and Donnelly (2000)
     and Falush, Stephens and Pritchard (2003)
       Code by Pritchard, Falush and Hubisz
             Version 2.3.4 (Jul 2012)
----------------------------------------------------



Command line arguments:   ./structure -m mainparams_bws18_k4_3 
Input File:    bws18_structure.txt

Run parameters:
   141 individuals
   13 loci
   4 populations assumed
   10000 Burn-in period
   20000 Reps


--------------------------------------------
Proportion of membership of each pre-defined
 population in each of the 4 clusters

Given    Inferred Clusters              Number of
 Pop       1      2      3      4      Individuals

 17:     0.331  0.235  0.246  0.187       18
 22:     0.226  0.277  0.256  0.241       11
 29:     0.263  0.271  0.225  0.241       14
 62:     0.177  0.253  0.309  0.262       20
122:     0.367  0.180  0.246  0.207       14
193:     0.177  0.288  0.215  0.320       14
205:     0.205  0.300  0.215  0.280       21
286:     0.253  0.277  0.216  0.254       14
328:     0.213  0.208  0.291  0.288       15
--------------------------------------------

Allele-freq. divergence among pops (Net nucleotide distance),
computed using point estimates of P.

      1       2       3       4      
 1      -    0.0068  0.0083  0.0066  
 2   0.0068     -    0.0061  0.0063  
 3   0.0083  0.0061     -    0.0094  
 4   0.0066  0.0063  0.0094     -    

Average distances (expected heterozygosity) between individuals in same cluster:
cluster  1  : 0.7440 
cluster  2  : 0.6774 
cluster  3  : 0.6741 
cluster  4  : 0.6784 

--------------------------------------------
Estimated Ln Prob of Data   = -5488.5
Mean value of ln likelihood = -4968.0
Variance of ln likelihood   = 1041.0
Mean value of alpha         = 0.1938

Mean value of Fst_1         = 0.0067
Mean value of Fst_2         = 0.0947
Mean value of Fst_3         = 0.0940
Mean value of Fst_4         = 0.0878


Inferred ancestry of individuals:
        Label (%Miss) Pop:  Inferred clusters
  1    0079C    (0)   17 :  0.483 0.092 0.116 0.308 
  2    0079D    (0)   17 :  0.189 0.188 0.457 0.166 
  3    0079E   (23)   17 :  0.582 0.167 0.172 0.080 
  4    0079G    (0)   17 :  0.328 0.220 0.188 0.264 
  5    0082A    (0)   17 :  0.275 0.313 0.289 0.123 
  6    0082B    (0)   17 :  0.062 0.441 0.440 0.056 
  7    0082C   (15)   17 :  0.153 0.251 0.158 0.438 
  8    0082D   (23)   17 :  0.316 0.207 0.219 0.257 
  9    0121B   (38)   22 :  0.223 0.371 0.255 0.151 
 10    0121C    (0)   22 :  0.138 0.340 0.122 0.400 
 11    0147A   (38)   29 :  0.307 0.122 0.327 0.244 
 12    0147B    (7)   29 :  0.109 0.410 0.134 0.346 
 13    0147D   (30)   29 :  0.220 0.282 0.241 0.257 
 14    0167A    (0)   17 :  0.337 0.187 0.315 0.161 
 15    0167B    (0)   17 :  0.323 0.222 0.308 0.148 
 16    0167C    (0)   17 :  0.226 0.370 0.318 0.086 
 17    0309A    (0)   62 :  0.066 0.231 0.546 0.158 
 18    0309C    (0)   62 :  0.259 0.189 0.360 0.191 
 19    0309D   (30)   62 :  0.127 0.316 0.442 0.116 
 20    0309E   (15)   62 :  0.165 0.137 0.496 0.202 
 21    0625A    (7)   122 :  0.169 0.269 0.386 0.176 
 22    0625B    (0)   122 :  0.253 0.204 0.323 0.220 
 23    0625C    (0)   122 :  0.247 0.069 0.403 0.280 
 24    0625D    (0)   122 :  0.115 0.124 0.378 0.383 
 25    1029C   (23)   193 :  0.117 0.387 0.161 0.335 
 26    1029D   (30)   193 :  0.148 0.369 0.147 0.336 
 27    1029G   (46)   193 :  0.244 0.329 0.273 0.153 
 28    1187A    (0)   29 :  0.096 0.459 0.111 0.333 
 29    1187B    (0)   29 :  0.301 0.205 0.210 0.284 
 30    1187C    (0)   29 :  0.106 0.399 0.186 0.309 
 31    1187D   (15)   29 :  0.284 0.203 0.285 0.228 
 32    1187E    (0)   29 :  0.083 0.408 0.293 0.217 
 33    1314A   (15)   193 :  0.070 0.293 0.156 0.480 
 34    1314B   (15)   193 :  0.159 0.232 0.361 0.248 
 35    1314C    (0)   193 :  0.138 0.244 0.421 0.198 
 36    1314D    (0)   193 :  0.125 0.360 0.159 0.356 
 37    1314E    (7)   193 :  0.083 0.355 0.223 0.339 
 38    1319A    (0)   62 :  0.112 0.378 0.353 0.157 
 39    1319B    (7)   62 :  0.080 0.254 0.431 0.235 
 40    1600A    (0)   29 :  0.175 0.238 0.456 0.131 
 41    1600B    (0)   29 :  0.358 0.203 0.199 0.241 
 42    1600C    (7)   29 :  0.142 0.335 0.113 0.410 
 43    1630A    (7)   193 :  0.213 0.332 0.125 0.331 
 44    1630B   (15)   193 :  0.075 0.142 0.161 0.622 
 45    1630C   (46)   193 :  0.142 0.338 0.223 0.297 
 46    1711A    (7)   286 :  0.063 0.443 0.431 0.063 
 47    1711B    (0)   286 :  0.114 0.426 0.393 0.067 
 48    1711C   (46)   286 :  0.137 0.161 0.214 0.488 
 49    1711D   (23)   286 :  0.391 0.202 0.181 0.226 
 50    1711E   (30)   286 :  0.200 0.218 0.336 0.246 
 51    1715A    (0)   205 :  0.104 0.342 0.079 0.475 
 52    1715B    (0)   205 :  0.107 0.394 0.062 0.437 
 53    1715C    (0)   205 :  0.397 0.240 0.089 0.274 
 54    1715D    (0)   205 :  0.214 0.232 0.423 0.131 
 55    1715E    (0)   205 :  0.115 0.369 0.128 0.388 
 56    1726A    (0)   205 :  0.117 0.417 0.081 0.385 
 57    1726B   (23)   205 :  0.198 0.269 0.183 0.349 
 58    1783A   (46)   205 :  0.289 0.361 0.123 0.227 
 59    1783B    (0)   205 :  0.108 0.333 0.205 0.353 
 60    1783C    (0)   205 :  0.177 0.347 0.201 0.274 
 61    1783D    (0)   205 :  0.101 0.441 0.092 0.367 
 62    1783E    (0)   205 :  0.601 0.082 0.078 0.239 
 63    2008C    (0)   62 :  0.202 0.327 0.185 0.286 
 64    2008D    (0)   62 :  0.337 0.167 0.277 0.219 
 65    2008E    (7)   62 :  0.090 0.220 0.441 0.248 
 66    2008F   (38)   62 :  0.115 0.282 0.205 0.397 
 67    2008G    (7)   62 :  0.147 0.255 0.409 0.189 
 68    2008H    (0)   62 :  0.127 0.141 0.170 0.563 
 69    2033A   (23)   328 :  0.339 0.264 0.165 0.232 
 70    2159A    (0)   328 :  0.059 0.106 0.347 0.488 
 71    2159B    (0)   328 :  0.075 0.034 0.310 0.581 
 72    2159C    (0)   328 :  0.297 0.141 0.363 0.198 
 73    2159D    (0)   328 :  0.059 0.032 0.314 0.595 
 74    2159E    (0)   328 :  0.144 0.299 0.204 0.353 
 75    2341B    (7)   62 :  0.057 0.379 0.467 0.098 
 76    2341C    (0)   62 :  0.476 0.245 0.067 0.212 
 77    2351A    (0)   62 :  0.313 0.231 0.290 0.165 
 78    2366A   (46)   122 :  0.303 0.241 0.191 0.264 
 79    2366B   (46)   122 :  0.288 0.287 0.193 0.232 
 80    2366C    (0)   122 :  0.449 0.273 0.047 0.231 
 81    2366D    (0)   122 :  0.642 0.073 0.101 0.184 
 82    2409A   (15)   122 :  0.065 0.436 0.398 0.101 
 83    2423C    (0)   205 :  0.148 0.247 0.226 0.378 
 84    2423D    (7)   205 :  0.128 0.196 0.533 0.143 
 85    2423E   (30)   205 :  0.610 0.142 0.150 0.099 
 86    2856A   (23)   22 :  0.202 0.393 0.123 0.282 
 87    2856B    (7)   22 :  0.410 0.221 0.098 0.271 
 88    2856C    (7)   22 :  0.114 0.420 0.375 0.090 
 89    2856E   (23)   22 :  0.122 0.233 0.478 0.167 
 90    3026A    (0)   17 :  0.456 0.221 0.062 0.261 
 91    3026B   (15)   17 :  0.337 0.215 0.307 0.142 
 92    3253A    (0)   205 :  0.176 0.139 0.442 0.243 
 93    3280A    (0)   328 :  0.140 0.306 0.414 0.141 
 94    3280B    (0)   328 :  0.348 0.158 0.306 0.188 
 95    3760C   (23)   122 :  0.954 0.016 0.015 0.015 
 96    4249A    (0)   193 :  0.423 0.218 0.123 0.236 
 97    4316A    (7)   17 :  0.427 0.170 0.212 0.191 
 98    4316B    (0)   17 :  0.432 0.182 0.231 0.156 
 99    4316C   (15)   17 :  0.428 0.254 0.146 0.173 
100    4316D   (15)   17 :  0.180 0.316 0.275 0.228 
101    4316E   (15)   17 :  0.417 0.223 0.223 0.136 
102    5597A   (23)   22 :  0.424 0.141 0.257 0.179 
103    5597B    (0)   22 :  0.199 0.232 0.373 0.196 
104    5597C    (0)   22 :  0.252 0.201 0.214 0.333 
105    5597D   (23)   22 :  0.089 0.372 0.150 0.390 
106    5637A    (0)   205 :  0.082 0.410 0.331 0.177 
107    5637C    (7)   205 :  0.248 0.231 0.202 0.319 
108    5637D   (38)   205 :  0.181 0.315 0.255 0.250 
109    5637E   (46)   205 :  0.114 0.381 0.323 0.181 
110    5637G   (46)   205 :  0.096 0.407 0.311 0.185 
111    5912A    (0)   286 :  0.309 0.241 0.302 0.148 
112    5912B    (0)   286 :  0.083 0.395 0.133 0.389 
113    5912C   (30)   286 :  0.197 0.292 0.292 0.218 
114    5912D   (30)   286 :  0.382 0.172 0.157 0.289 
115    5912E   (15)   286 :  0.214 0.286 0.148 0.353 
116    5954B   (38)   286 :  0.690 0.088 0.070 0.152 
117    5954C   (46)   286 :  0.084 0.336 0.216 0.364 
118    5954D   (46)   286 :  0.135 0.407 0.107 0.351 
119    5954E   (53)   286 :  0.544 0.207 0.043 0.206 
120    6136A    (0)   29 :  0.181 0.333 0.307 0.179 
121    6136B    (7)   29 :  0.774 0.071 0.093 0.061 
122    6136C   (15)   29 :  0.549 0.122 0.189 0.140 
123    6337A    (7)   328 :  0.125 0.306 0.503 0.066 
124    6337B    (0)   328 :  0.074 0.380 0.455 0.091 
125    6337C    (0)   328 :  0.179 0.417 0.328 0.076 
126    6337D   (15)   328 :  0.179 0.109 0.143 0.569 
127    6337E    (7)   328 :  0.399 0.093 0.186 0.323 
128    6382C    (0)   122 :  0.297 0.263 0.208 0.232 
129    6382E    (0)   122 :  0.330 0.086 0.306 0.277 
130    6382F   (46)   122 :  0.380 0.067 0.396 0.157 
131    6382G   (15)   122 :  0.641 0.113 0.103 0.143 
132    6514C    (0)   62 :  0.188 0.335 0.227 0.251 
133    6514E    (0)   62 :  0.169 0.312 0.207 0.311 
134    6514F    (0)   62 :  0.159 0.113 0.343 0.385 
135    6514G   (30)   62 :  0.169 0.406 0.075 0.351 
136    6514H   (15)   62 :  0.187 0.132 0.182 0.500 
137    6546B   (23)   328 :  0.622 0.112 0.174 0.092 
138    6546C   (30)   328 :  0.150 0.364 0.156 0.329 
139    6706A   (23)   193 :  0.180 0.218 0.338 0.264 
140    6706B   (30)   193 :  0.360 0.220 0.138 0.282 
141    6723B   (46)   22 :  0.309 0.125 0.375 0.191 


Estimated Allele Frequencies in each cluster
First column gives estimated ancestral frequencies


Locus 1 : 
8 alleles
3.5% missing data
 148   (0.672) 0.678 0.766 0.759 0.702 
 146   (0.130) 0.123 0.138 0.125 0.186 
 147   (0.094) 0.094 0.068 0.092 0.083 
 142   (0.028) 0.028 0.009 0.006 0.010 
 137   (0.016) 0.014 0.003 0.005 0.004 
 161   (0.026) 0.031 0.005 0.005 0.005 
 172   (0.015) 0.013 0.004 0.004 0.003 
 151   (0.019) 0.019 0.007 0.003 0.007 

Locus 2 : 
16 alleles
5.7% missing data
 197   (0.274) 0.283 0.272 0.396 0.338 
 205   (0.103) 0.107 0.118 0.102 0.090 
 199   (0.073) 0.075 0.090 0.051 0.060 
 201   (0.160) 0.169 0.177 0.125 0.213 
 203   (0.057) 0.060 0.082 0.089 0.040 
 213   (0.038) 0.034 0.035 0.059 0.020 
 227   (0.038) 0.035 0.014 0.029 0.054 
 221   (0.030) 0.026 0.012 0.019 0.047 
 211   (0.059) 0.057 0.074 0.045 0.052 
 215   (0.026) 0.023 0.022 0.020 0.010 
 217   (0.029) 0.025 0.030 0.030 0.018 
 193   (0.038) 0.039 0.041 0.015 0.027 
 191   (0.031) 0.029 0.024 0.010 0.023 
 219   (0.015) 0.013 0.004 0.005 0.004 
 241   (0.014) 0.015 0.002 0.002 0.002 
 207   (0.014) 0.012 0.004 0.004 0.004 

Locus 3 : 
9 alleles
12.8% missing data
 201   (0.261) 0.258 0.306 0.266 0.329 
 207   (0.338) 0.351 0.326 0.286 0.395 
 204   (0.204) 0.208 0.243 0.280 0.159 
 210   (0.095) 0.090 0.084 0.114 0.082 
 219   (0.019) 0.015 0.011 0.015 0.006 
 198   (0.023) 0.022 0.006 0.006 0.010 
 213   (0.020) 0.017 0.008 0.012 0.009 
 216   (0.022) 0.024 0.005 0.005 0.006 
 189   (0.019) 0.016 0.011 0.016 0.004 

Locus 4 : 
12 alleles
12.8% missing data
 138   (0.142) 0.149 0.107 0.131 0.125 
 140   (0.197) 0.208 0.205 0.251 0.179 
 132   (0.172) 0.177 0.144 0.175 0.190 
 154   (0.016) 0.014 0.005 0.005 0.006 
 142   (0.117) 0.110 0.186 0.193 0.104 
 134   (0.056) 0.054 0.061 0.031 0.058 
 128   (0.037) 0.034 0.023 0.020 0.062 
 136   (0.102) 0.103 0.153 0.078 0.109 
 144   (0.062) 0.064 0.028 0.049 0.060 
 146   (0.028) 0.024 0.012 0.018 0.010 
 152   (0.026) 0.022 0.009 0.024 0.041 
 130   (0.045) 0.041 0.067 0.027 0.059 

Locus 5 : 
9 alleles
16.3% missing data
 257   (0.399) 0.394 0.428 0.476 0.527 
 271   (0.056) 0.058 0.036 0.032 0.034 
 259   (0.306) 0.299 0.410 0.342 0.327 
 261   (0.083) 0.087 0.055 0.081 0.051 
 263   (0.021) 0.018 0.006 0.014 0.009 
 269   (0.027) 0.024 0.021 0.022 0.014 
 273   (0.075) 0.089 0.033 0.024 0.030 
 265   (0.016) 0.016 0.003 0.003 0.005 
 267   (0.017) 0.015 0.008 0.006 0.004 

Locus 6 : 
15 alleles
4.3% missing data
 147   (0.165) 0.165 0.186 0.161 0.344 
 141   (0.107) 0.105 0.133 0.201 0.084 
 149   (0.100) 0.098 0.127 0.104 0.095 
 159   (0.068) 0.070 0.059 0.091 0.036 
 137   (0.088) 0.090 0.087 0.124 0.055 
 139   (0.040) 0.043 0.015 0.022 0.017 
 161   (0.055) 0.052 0.084 0.033 0.063 
 151   (0.063) 0.063 0.112 0.036 0.071 
 153   (0.086) 0.092 0.062 0.061 0.050 
 165   (0.055) 0.056 0.050 0.030 0.033 
 145   (0.061) 0.057 0.032 0.063 0.092 
 135   (0.014) 0.012 0.006 0.005 0.004 
 157   (0.037) 0.037 0.027 0.022 0.026 
 143   (0.039) 0.039 0.015 0.044 0.025 
 155   (0.021) 0.022 0.005 0.006 0.004 

Locus 7 : 
4 alleles
2.1% missing data
 138   (0.755) 0.756 0.794 0.836 0.824 
 144   (0.069) 0.068 0.074 0.045 0.049 
 132   (0.161) 0.163 0.129 0.112 0.123 
 135   (0.015) 0.013 0.003 0.006 0.004 

Locus 8 : 
12 alleles
20.6% missing data
 276   (0.068) 0.069 0.056 0.036 0.080 
 286   (0.135) 0.143 0.111 0.153 0.100 
 278   (0.203) 0.205 0.309 0.166 0.283 
 270   (0.033) 0.034 0.015 0.018 0.012 
 280   (0.209) 0.208 0.263 0.294 0.213 
 266   (0.035) 0.030 0.052 0.056 0.018 
 282   (0.145) 0.144 0.111 0.173 0.151 
 274   (0.031) 0.029 0.022 0.011 0.025 
 290   (0.032) 0.029 0.028 0.030 0.027 
 284   (0.037) 0.037 0.013 0.028 0.020 
 288   (0.048) 0.048 0.015 0.030 0.062 
 272   (0.023) 0.024 0.007 0.005 0.009 

Locus 9 : 
15 alleles
3.5% missing data
 146   (0.405) 0.421 0.529 0.479 0.507 
 178   (0.034) 0.040 0.011 0.009 0.014 
 170   (0.047) 0.047 0.018 0.049 0.037 
 166   (0.064) 0.064 0.059 0.050 0.050 
 172   (0.050) 0.050 0.063 0.031 0.046 
 168   (0.071) 0.065 0.073 0.121 0.072 
 162   (0.018) 0.017 0.008 0.007 0.006 
 148   (0.074) 0.069 0.104 0.091 0.080 
 160   (0.062) 0.056 0.050 0.091 0.091 
 174   (0.035) 0.036 0.014 0.014 0.017 
 158   (0.037) 0.035 0.015 0.015 0.039 
 154   (0.044) 0.044 0.038 0.024 0.022 
 164   (0.015) 0.013 0.004 0.003 0.005 
 180   (0.016) 0.015 0.002 0.002 0.002 
 142   (0.027) 0.028 0.012 0.013 0.011 

Locus 10 : 
7 alleles
5.0% missing data
 158   (0.760) 0.758 0.901 0.854 0.830 
 160   (0.120) 0.121 0.067 0.115 0.128 
 154   (0.030) 0.027 0.010 0.009 0.012 
 156   (0.024) 0.023 0.010 0.009 0.013 
 152   (0.035) 0.043 0.006 0.006 0.006 
 144   (0.015) 0.013 0.003 0.004 0.009 
 162   (0.016) 0.016 0.003 0.003 0.004 

Locus 11 : 
14 alleles
29.1% missing data
 214   (0.158) 0.178 0.136 0.091 0.138 
 220   (0.147) 0.147 0.129 0.138 0.200 
 210   (0.089) 0.084 0.080 0.118 0.086 
 218   (0.247) 0.237 0.377 0.450 0.300 
 192   (0.017) 0.016 0.005 0.005 0.004 
 194   (0.018) 0.017 0.005 0.005 0.004 
 212   (0.038) 0.035 0.020 0.024 0.037 
 222   (0.089) 0.086 0.132 0.081 0.101 
 224   (0.024) 0.021 0.015 0.013 0.008 
 216   (0.081) 0.082 0.079 0.050 0.090 
 200   (0.018) 0.019 0.003 0.004 0.004 
 204   (0.018) 0.018 0.003 0.003 0.004 
 188   (0.039) 0.044 0.010 0.014 0.018 
 208   (0.018) 0.016 0.006 0.006 0.006 

Locus 12 : 
17 alleles
18.4% missing data
 144   (0.044) 0.047 0.022 0.015 0.029 
 162   (0.048) 0.052 0.017 0.026 0.031 
 170   (0.042) 0.038 0.038 0.038 0.023 
 148   (0.081) 0.076 0.138 0.087 0.134 
 142   (0.067) 0.063 0.122 0.109 0.071 
 154   (0.044) 0.043 0.041 0.024 0.040 
 146   (0.337) 0.352 0.399 0.412 0.465 
 164   (0.050) 0.050 0.048 0.025 0.039 
 168   (0.029) 0.031 0.012 0.019 0.012 
 156   (0.057) 0.051 0.051 0.122 0.062 
 172   (0.039) 0.036 0.023 0.035 0.022 
 166   (0.052) 0.053 0.046 0.049 0.032 
 158   (0.032) 0.035 0.009 0.019 0.010 
 150   (0.016) 0.014 0.005 0.005 0.005 
 174   (0.016) 0.016 0.003 0.003 0.003 
 182   (0.016) 0.014 0.004 0.005 0.004 
 160   (0.029) 0.029 0.021 0.008 0.017 

Locus 13 : 
15 alleles
31.2% missing data
 285   (0.291) 0.293 0.302 0.321 0.371 
 291   (0.120) 0.120 0.198 0.086 0.156 
 289   (0.167) 0.167 0.164 0.259 0.179 
 277   (0.040) 0.039 0.041 0.014 0.038 
 273   (0.039) 0.034 0.100 0.125 0.013 
 293   (0.057) 0.064 0.036 0.041 0.027 
 287   (0.049) 0.044 0.035 0.044 0.101 
 295   (0.051) 0.052 0.054 0.019 0.040 
 301   (0.018) 0.016 0.007 0.005 0.008 
 303   (0.028) 0.027 0.016 0.018 0.013 
 279   (0.029) 0.028 0.010 0.021 0.013 
 181   (0.018) 0.015 0.010 0.009 0.005 
 283   (0.038) 0.048 0.009 0.009 0.011 
 281   (0.020) 0.017 0.006 0.009 0.006 
 297   (0.036) 0.037 0.013 0.021 0.018 

Values of parameters used in structure:
DATAFILE=bws18_structure.txt,	OUTFILE=bws18_structurek4_3_results,	NUMINDS=141,	NUMLOCI=13,	MISSING=-9,	LABEL=1,	POPDATA=1,	POPFLAG=0,	PHENOTYPE=0,	EXTRACOLS=0,	MAXPOPS=4,	BURNIN=10000,	NUMREPS=20000,	USEPOPINFO=0,	INFERALPHA=1,	INFERLAMBDA=0,	POPSPECIFICLAMBDA=0,	POPALPHAS=0,	COMPUTEPROB=1,	NOADMIX=0,	ADMBURNIN=500,	UPDATEFREQ=100,	PRINTLIKES=0,	INTERMEDSAVE=0,	PRINTKLD=0,	PRINTNET=1,	PRINTLAMBDA=1,	ANCESTDIST=0,	NUMBOXES=1000,	ANCESTPINT=0.90000,	GENSBACK=2,	MIGRPRIOR=0.01000,	PRINTQHAT=0,	PRINTQSUM=1,	ALPHA=1.0000,	FREQSCORR=1,	FPRIORMEAN=0.0100,	FPRIORSD=0.0500,	ONEFST=0,	LAMBDA=1.0000,	UNIFPRIORALPHA=1,	ALPHAMAX=10.0000,	ALPHAPRIORA=1.0000,	ALPHAPRIORB=2.0000,	ALPHAPROPSD=0.0250,	STARTATPOPINFO=0,	RANDOMIZE=1,	LINKAGE=0,	METROFREQ=10,	REPORTHITRATE=0,	MARKOVPHASE=0,	PHASED=0,	PLOIDY=2,	PHASEINFO=0	LOCPRIOR=0, 	LOCPRIORINIT=1.000000, 	LOCDATA=0, 	LOCISPOP=1, 	LOCPRIORSTEP=0.100000, 	MAXLOCPRIOR=20.000000, 	SEED=1680179514,	
[STRAT parameters]:    NUMSIMSTATS=1000,	PHENOTYPECOL=-9,	POOLFREQ=10,	LOCUSxONLY=0,	EMERROR=0.00100,	MISSINGPHENO=-9,	