

----------------------------------------------------
STRUCTURE by Pritchard, Stephens and Donnelly (2000)
     and Falush, Stephens and Pritchard (2003)
       Code by Pritchard, Falush and Hubisz
             Version 2.3.4 (Jul 2012)
----------------------------------------------------



Command line arguments:   ./structure -m mainparams_bws18_k4_2 
Input File:    bws18_structure.txt

Run parameters:
   141 individuals
   13 loci
   4 populations assumed
   10000 Burn-in period
   20000 Reps


--------------------------------------------
Proportion of membership of each pre-defined
 population in each of the 4 clusters

Given    Inferred Clusters              Number of
 Pop       1      2      3      4      Individuals

 17:     0.178  0.357  0.219  0.246       18
 22:     0.329  0.237  0.199  0.235       11
 29:     0.325  0.259  0.212  0.204       14
 62:     0.253  0.168  0.270  0.309       20
122:     0.169  0.361  0.241  0.229       14
193:     0.352  0.177  0.270  0.201       14
205:     0.366  0.201  0.207  0.226       21
286:     0.290  0.267  0.209  0.234       14
328:     0.155  0.231  0.338  0.277       15
--------------------------------------------

Allele-freq. divergence among pops (Net nucleotide distance),
computed using point estimates of P.

      1       2       3       4      
 1      -    0.0155  0.0233  0.0236  
 2   0.0155     -    0.0087  0.0095  
 3   0.0233  0.0087     -    0.0058  
 4   0.0236  0.0095  0.0058     -    

Average distances (expected heterozygosity) between individuals in same cluster:
cluster  1  : 0.6558 
cluster  2  : 0.7488 
cluster  3  : 0.6754 
cluster  4  : 0.6711 

--------------------------------------------
Estimated Ln Prob of Data   = -5314.2
Mean value of ln likelihood = -4970.7
Variance of ln likelihood   = 687.0
Mean value of alpha         = 0.1901

Mean value of Fst_1         = 0.0938
Mean value of Fst_2         = 0.0012
Mean value of Fst_3         = 0.0949
Mean value of Fst_4         = 0.0980


Inferred ancestry of individuals:
        Label (%Miss) Pop:  Inferred clusters
  1    0079C    (0)   17 :  0.157 0.483 0.238 0.121 
  2    0079D    (0)   17 :  0.160 0.168 0.245 0.427 
  3    0079E   (23)   17 :  0.057 0.636 0.133 0.174 
  4    0079G    (0)   17 :  0.196 0.408 0.208 0.189 
  5    0082A    (0)   17 :  0.086 0.332 0.240 0.341 
  6    0082B    (0)   17 :  0.055 0.089 0.298 0.558 
  7    0082C   (15)   17 :  0.224 0.165 0.451 0.160 
  8    0082D   (23)   17 :  0.261 0.393 0.156 0.190 
  9    0121B   (38)   22 :  0.173 0.295 0.280 0.253 
 10    0121C    (0)   22 :  0.624 0.145 0.132 0.099 
 11    0147A   (38)   29 :  0.115 0.364 0.295 0.226 
 12    0147B    (7)   29 :  0.779 0.075 0.070 0.076 
 13    0147D   (30)   29 :  0.557 0.165 0.068 0.211 
 14    0167A    (0)   17 :  0.157 0.395 0.153 0.295 
 15    0167B    (0)   17 :  0.082 0.331 0.344 0.243 
 16    0167C    (0)   17 :  0.109 0.303 0.221 0.367 
 17    0309A    (0)   62 :  0.122 0.079 0.275 0.523 
 18    0309C    (0)   62 :  0.198 0.234 0.245 0.323 
 19    0309D   (30)   62 :  0.185 0.149 0.182 0.484 
 20    0309E   (15)   62 :  0.092 0.229 0.267 0.412 
 21    0625A    (7)   122 :  0.200 0.159 0.255 0.386 
 22    0625B    (0)   122 :  0.113 0.216 0.358 0.314 
 23    0625C    (0)   122 :  0.041 0.319 0.341 0.299 
 24    0625D    (0)   122 :  0.137 0.131 0.409 0.322 
 25    1029C   (23)   193 :  0.710 0.105 0.069 0.116 
 26    1029D   (30)   193 :  0.643 0.119 0.134 0.104 
 27    1029G   (46)   193 :  0.139 0.301 0.232 0.328 
 28    1187A    (0)   29 :  0.863 0.044 0.044 0.049 
 29    1187B    (0)   29 :  0.220 0.314 0.269 0.197 
 30    1187C    (0)   29 :  0.719 0.076 0.082 0.123 
 31    1187D   (15)   29 :  0.141 0.329 0.263 0.266 
 32    1187E    (0)   29 :  0.029 0.105 0.524 0.342 
 33    1314A   (15)   193 :  0.111 0.068 0.629 0.192 
 34    1314B   (15)   193 :  0.151 0.159 0.410 0.280 
 35    1314C    (0)   193 :  0.250 0.149 0.202 0.399 
 36    1314D    (0)   193 :  0.677 0.098 0.109 0.115 
 37    1314E    (7)   193 :  0.091 0.066 0.569 0.273 
 38    1319A    (0)   62 :  0.092 0.126 0.334 0.448 
 39    1319B    (7)   62 :  0.135 0.092 0.320 0.453 
 40    1600A    (0)   29 :  0.083 0.178 0.272 0.466 
 41    1600B    (0)   29 :  0.181 0.341 0.240 0.238 
 42    1600C    (7)   29 :  0.626 0.110 0.159 0.104 
 43    1630A    (7)   193 :  0.646 0.176 0.092 0.086 
 44    1630B   (15)   193 :  0.297 0.086 0.481 0.137 
 45    1630C   (46)   193 :  0.553 0.125 0.117 0.204 
 46    1711A    (7)   286 :  0.043 0.084 0.324 0.548 
 47    1711B    (0)   286 :  0.076 0.153 0.284 0.488 
 48    1711C   (46)   286 :  0.140 0.130 0.533 0.198 
 49    1711D   (23)   286 :  0.177 0.507 0.127 0.188 
 50    1711E   (30)   286 :  0.469 0.162 0.080 0.289 
 51    1715A    (0)   205 :  0.682 0.094 0.140 0.084 
 52    1715B    (0)   205 :  0.806 0.075 0.057 0.063 
 53    1715C    (0)   205 :  0.374 0.436 0.100 0.089 
 54    1715D    (0)   205 :  0.107 0.228 0.192 0.473 
 55    1715E    (0)   205 :  0.742 0.092 0.086 0.079 
 56    1726A    (0)   205 :  0.770 0.075 0.091 0.065 
 57    1726B   (23)   205 :  0.288 0.202 0.342 0.168 
 58    1783A   (46)   205 :  0.543 0.228 0.097 0.132 
 59    1783B    (0)   205 :  0.654 0.069 0.084 0.193 
 60    1783C    (0)   205 :  0.545 0.134 0.137 0.184 
 61    1783D    (0)   205 :  0.849 0.054 0.049 0.048 
 62    1783E    (0)   205 :  0.071 0.634 0.163 0.132 
 63    2008C    (0)   62 :  0.596 0.172 0.066 0.166 
 64    2008D    (0)   62 :  0.107 0.390 0.192 0.311 
 65    2008E    (7)   62 :  0.272 0.091 0.251 0.386 
 66    2008F   (38)   62 :  0.214 0.095 0.510 0.181 
 67    2008G    (7)   62 :  0.365 0.157 0.147 0.332 
 68    2008H    (0)   62 :  0.136 0.120 0.557 0.187 
 69    2033A   (23)   328 :  0.354 0.355 0.110 0.181 
 70    2159A    (0)   328 :  0.047 0.076 0.617 0.260 
 71    2159B    (0)   328 :  0.033 0.062 0.700 0.205 
 72    2159C    (0)   328 :  0.171 0.287 0.261 0.281 
 73    2159D    (0)   328 :  0.028 0.057 0.717 0.198 
 74    2159E    (0)   328 :  0.386 0.120 0.301 0.193 
 75    2341B    (7)   62 :  0.031 0.049 0.311 0.608 
 76    2341C    (0)   62 :  0.453 0.409 0.063 0.074 
 77    2351A    (0)   62 :  0.089 0.294 0.274 0.343 
 78    2366A   (46)   122 :  0.258 0.233 0.324 0.185 
 79    2366B   (46)   122 :  0.313 0.303 0.187 0.198 
 80    2366C    (0)   122 :  0.503 0.388 0.065 0.044 
 81    2366D    (0)   122 :  0.045 0.644 0.170 0.140 
 82    2409A   (15)   122 :  0.061 0.096 0.390 0.453 
 83    2423C    (0)   205 :  0.348 0.126 0.334 0.191 
 84    2423D    (7)   205 :  0.119 0.132 0.260 0.489 
 85    2423E   (30)   205 :  0.094 0.593 0.111 0.202 
 86    2856A   (23)   22 :  0.610 0.195 0.076 0.119 
 87    2856B    (7)   22 :  0.375 0.361 0.151 0.113 
 88    2856C    (7)   22 :  0.107 0.140 0.282 0.471 
 89    2856E   (23)   22 :  0.073 0.103 0.380 0.445 
 90    3026A    (0)   17 :  0.387 0.495 0.068 0.050 
 91    3026B   (15)   17 :  0.071 0.325 0.246 0.358 
 92    3253A    (0)   205 :  0.122 0.209 0.273 0.396 
 93    3280A    (0)   328 :  0.117 0.163 0.222 0.499 
 94    3280B    (0)   328 :  0.038 0.418 0.272 0.272 
 95    3760C   (23)   122 :  0.016 0.955 0.015 0.014 
 96    4249A    (0)   193 :  0.143 0.461 0.265 0.131 
 97    4316A    (7)   17 :  0.166 0.422 0.203 0.209 
 98    4316B    (0)   17 :  0.202 0.391 0.189 0.218 
 99    4316C   (15)   17 :  0.260 0.481 0.162 0.097 
100    4316D   (15)   17 :  0.460 0.141 0.135 0.264 
101    4316E   (15)   17 :  0.110 0.463 0.258 0.169 
102    5597A   (23)   22 :  0.235 0.406 0.192 0.168 
103    5597B    (0)   22 :  0.287 0.231 0.168 0.314 
104    5597C    (0)   22 :  0.344 0.293 0.180 0.182 
105    5597D   (23)   22 :  0.677 0.079 0.122 0.122 
106    5637A    (0)   205 :  0.051 0.095 0.446 0.408 
107    5637C    (7)   205 :  0.318 0.259 0.262 0.161 
108    5637D   (38)   205 :  0.112 0.247 0.339 0.302 
109    5637E   (46)   205 :  0.047 0.124 0.366 0.463 
110    5637G   (46)   205 :  0.044 0.108 0.427 0.421 
111    5912A    (0)   286 :  0.068 0.388 0.205 0.339 
112    5912B    (0)   286 :  0.771 0.067 0.080 0.082 
113    5912C   (30)   286 :  0.093 0.261 0.272 0.374 
114    5912D   (30)   286 :  0.162 0.426 0.236 0.175 
115    5912E   (15)   286 :  0.565 0.229 0.102 0.105 
116    5954B   (38)   286 :  0.068 0.660 0.166 0.106 
117    5954C   (46)   286 :  0.195 0.075 0.435 0.296 
118    5954D   (46)   286 :  0.819 0.092 0.045 0.044 
119    5954E   (53)   286 :  0.419 0.509 0.034 0.038 
120    6136A    (0)   29 :  0.069 0.193 0.402 0.336 
121    6136B    (7)   29 :  0.031 0.788 0.098 0.084 
122    6136C   (15)   29 :  0.142 0.535 0.182 0.141 
123    6337A    (7)   328 :  0.042 0.139 0.268 0.551 
124    6337B    (0)   328 :  0.154 0.099 0.227 0.520 
125    6337C    (0)   328 :  0.091 0.253 0.262 0.394 
126    6337D   (15)   328 :  0.123 0.224 0.499 0.154 
127    6337E    (7)   328 :  0.058 0.387 0.400 0.155 
128    6382C    (0)   122 :  0.391 0.320 0.118 0.170 
129    6382E    (0)   122 :  0.079 0.265 0.382 0.273 
130    6382F   (46)   122 :  0.051 0.358 0.286 0.305 
131    6382G   (15)   122 :  0.157 0.666 0.077 0.100 
132    6514C    (0)   62 :  0.492 0.146 0.112 0.249 
133    6514E    (0)   62 :  0.461 0.153 0.205 0.181 
134    6514F    (0)   62 :  0.111 0.129 0.464 0.295 
135    6514G   (30)   62 :  0.794 0.097 0.054 0.055 
136    6514H   (15)   62 :  0.109 0.150 0.578 0.163 
137    6546B   (23)   328 :  0.080 0.684 0.091 0.145 
138    6546C   (30)   328 :  0.603 0.139 0.118 0.141 
139    6706A   (23)   193 :  0.131 0.212 0.328 0.329 
140    6706B   (30)   193 :  0.384 0.345 0.144 0.126 
141    6723B   (46)   22 :  0.113 0.362 0.227 0.298 


Estimated Allele Frequencies in each cluster
First column gives estimated ancestral frequencies


Locus 1 : 
8 alleles
3.5% missing data
 148   (0.664) 0.825 0.665 0.676 0.737 
 146   (0.129) 0.109 0.127 0.205 0.132 
 147   (0.099) 0.033 0.100 0.097 0.107 
 142   (0.028) 0.012 0.028 0.005 0.005 
 137   (0.016) 0.003 0.015 0.004 0.005 
 161   (0.029) 0.004 0.030 0.005 0.006 
 172   (0.016) 0.003 0.015 0.005 0.004 
 151   (0.020) 0.011 0.020 0.003 0.003 

Locus 2 : 
16 alleles
5.7% missing data
 197   (0.269) 0.244 0.271 0.363 0.405 
 205   (0.108) 0.137 0.109 0.068 0.107 
 199   (0.079) 0.125 0.079 0.033 0.043 
 201   (0.158) 0.180 0.160 0.215 0.127 
 203   (0.060) 0.012 0.061 0.092 0.101 
 213   (0.039) 0.021 0.038 0.029 0.061 
 227   (0.038) 0.012 0.037 0.059 0.024 
 221   (0.030) 0.017 0.029 0.045 0.016 
 211   (0.055) 0.109 0.054 0.032 0.032 
 215   (0.027) 0.006 0.026 0.020 0.022 
 217   (0.028) 0.034 0.027 0.013 0.031 
 193   (0.036) 0.062 0.036 0.012 0.013 
 191   (0.031) 0.034 0.031 0.010 0.010 
 219   (0.014) 0.002 0.013 0.004 0.004 
 241   (0.014) 0.002 0.014 0.002 0.002 
 207   (0.014) 0.004 0.014 0.003 0.003 

Locus 3 : 
9 alleles
12.8% missing data
 201   (0.245) 0.395 0.244 0.268 0.244 
 207   (0.349) 0.383 0.351 0.340 0.290 
 204   (0.210) 0.139 0.211 0.241 0.296 
 210   (0.098) 0.049 0.097 0.115 0.114 
 219   (0.018) 0.007 0.017 0.007 0.016 
 198   (0.022) 0.005 0.021 0.008 0.006 
 213   (0.019) 0.014 0.018 0.004 0.011 
 216   (0.021) 0.004 0.021 0.007 0.005 
 189   (0.019) 0.003 0.018 0.010 0.018 

Locus 4 : 
12 alleles
12.8% missing data
 138   (0.141) 0.117 0.142 0.125 0.128 
 140   (0.198) 0.103 0.201 0.249 0.277 
 132   (0.186) 0.137 0.187 0.190 0.177 
 154   (0.014) 0.004 0.014 0.004 0.004 
 142   (0.121) 0.151 0.119 0.129 0.199 
 134   (0.054) 0.091 0.053 0.034 0.027 
 128   (0.037) 0.019 0.036 0.063 0.023 
 136   (0.092) 0.232 0.091 0.054 0.061 
 144   (0.062) 0.019 0.063 0.076 0.044 
 146   (0.026) 0.006 0.026 0.014 0.018 
 152   (0.026) 0.009 0.025 0.044 0.020 
 130   (0.043) 0.114 0.042 0.017 0.023 

Locus 5 : 
9 alleles
16.3% missing data
 257   (0.385) 0.400 0.384 0.557 0.484 
 271   (0.060) 0.042 0.060 0.026 0.031 
 259   (0.298) 0.452 0.297 0.288 0.337 
 261   (0.091) 0.046 0.091 0.067 0.075 
 263   (0.022) 0.005 0.021 0.010 0.011 
 269   (0.031) 0.007 0.030 0.019 0.026 
 273   (0.080) 0.042 0.083 0.022 0.025 
 265   (0.016) 0.002 0.016 0.004 0.004 
 267   (0.018) 0.003 0.017 0.006 0.007 

Locus 6 : 
15 alleles
4.3% missing data
 147   (0.168) 0.165 0.168 0.354 0.172 
 141   (0.102) 0.123 0.102 0.089 0.205 
 149   (0.106) 0.140 0.105 0.082 0.105 
 159   (0.070) 0.020 0.070 0.067 0.096 
 137   (0.088) 0.032 0.089 0.093 0.139 
 139   (0.042) 0.008 0.043 0.020 0.024 
 161   (0.051) 0.141 0.050 0.020 0.021 
 151   (0.058) 0.172 0.058 0.025 0.024 
 153   (0.084) 0.075 0.085 0.045 0.060 
 165   (0.055) 0.063 0.055 0.021 0.027 
 145   (0.059) 0.033 0.058 0.102 0.055 
 135   (0.015) 0.003 0.014 0.004 0.005 
 157   (0.040) 0.011 0.040 0.039 0.024 
 143   (0.040) 0.012 0.040 0.034 0.038 
 155   (0.021) 0.003 0.021 0.006 0.006 

Locus 7 : 
4 alleles
2.1% missing data
 138   (0.753) 0.738 0.754 0.862 0.855 
 144   (0.071) 0.105 0.070 0.027 0.039 
 132   (0.160) 0.154 0.161 0.107 0.101 
 135   (0.016) 0.003 0.015 0.004 0.005 

Locus 8 : 
12 alleles
20.6% missing data
 276   (0.063) 0.086 0.063 0.060 0.030 
 286   (0.146) 0.062 0.148 0.132 0.165 
 278   (0.200) 0.429 0.200 0.178 0.163 
 270   (0.033) 0.007 0.033 0.019 0.017 
 280   (0.212) 0.187 0.212 0.274 0.298 
 266   (0.033) 0.014 0.032 0.046 0.065 
 282   (0.151) 0.088 0.152 0.170 0.172 
 274   (0.029) 0.037 0.028 0.013 0.009 
 290   (0.026) 0.054 0.026 0.008 0.026 
 284   (0.039) 0.013 0.039 0.023 0.025 
 288   (0.044) 0.015 0.044 0.069 0.025 
 272   (0.024) 0.009 0.024 0.006 0.005 

Locus 9 : 
15 alleles
3.5% missing data
 146   (0.403) 0.570 0.406 0.493 0.474 
 178   (0.037) 0.012 0.038 0.012 0.011 
 170   (0.045) 0.011 0.045 0.056 0.041 
 166   (0.066) 0.068 0.065 0.037 0.054 
 172   (0.052) 0.096 0.052 0.023 0.023 
 168   (0.072) 0.045 0.071 0.093 0.123 
 162   (0.019) 0.006 0.019 0.006 0.008 
 148   (0.071) 0.084 0.071 0.083 0.105 
 160   (0.068) 0.022 0.067 0.111 0.091 
 174   (0.033) 0.012 0.033 0.017 0.015 
 158   (0.034) 0.020 0.033 0.033 0.014 
 154   (0.042) 0.034 0.042 0.021 0.026 
 164   (0.014) 0.004 0.014 0.003 0.003 
 180   (0.014) 0.002 0.014 0.002 0.002 
 142   (0.028) 0.011 0.028 0.011 0.011 

Locus 10 : 
7 alleles
5.0% missing data
 158   (0.749) 0.929 0.748 0.822 0.850 
 160   (0.129) 0.039 0.129 0.142 0.120 
 154   (0.028) 0.011 0.028 0.008 0.008 
 156   (0.026) 0.010 0.026 0.011 0.009 
 152   (0.038) 0.005 0.040 0.007 0.006 
 144   (0.015) 0.003 0.015 0.007 0.004 
 162   (0.015) 0.003 0.014 0.002 0.003 

Locus 11 : 
14 alleles
29.1% missing data
 214   (0.172) 0.169 0.176 0.104 0.100 
 220   (0.148) 0.128 0.147 0.208 0.137 
 210   (0.093) 0.090 0.091 0.081 0.113 
 218   (0.232) 0.311 0.230 0.358 0.456 
 192   (0.018) 0.003 0.018 0.005 0.005 
 194   (0.018) 0.003 0.018 0.004 0.005 
 212   (0.035) 0.018 0.034 0.038 0.022 
 222   (0.086) 0.147 0.085 0.100 0.071 
 224   (0.024) 0.007 0.024 0.011 0.013 
 216   (0.088) 0.102 0.088 0.058 0.055 
 200   (0.017) 0.003 0.017 0.003 0.003 
 204   (0.017) 0.003 0.017 0.003 0.003 
 188   (0.038) 0.007 0.039 0.022 0.012 
 208   (0.016) 0.007 0.015 0.004 0.005 

Locus 12 : 
17 alleles
18.4% missing data
 144   (0.039) 0.023 0.039 0.030 0.016 
 162   (0.048) 0.018 0.049 0.028 0.026 
 170   (0.037) 0.041 0.036 0.020 0.037 
 148   (0.079) 0.116 0.078 0.145 0.100 
 142   (0.065) 0.091 0.064 0.099 0.113 
 154   (0.044) 0.052 0.043 0.028 0.023 
 146   (0.357) 0.435 0.361 0.439 0.407 
 164   (0.051) 0.062 0.051 0.025 0.024 
 168   (0.029) 0.010 0.030 0.013 0.020 
 156   (0.057) 0.032 0.056 0.082 0.115 
 172   (0.035) 0.024 0.035 0.027 0.030 
 166   (0.053) 0.044 0.052 0.033 0.052 
 158   (0.033) 0.007 0.033 0.015 0.017 
 150   (0.016) 0.004 0.015 0.004 0.004 
 174   (0.015) 0.002 0.015 0.003 0.002 
 182   (0.014) 0.004 0.014 0.004 0.004 
 160   (0.028) 0.035 0.028 0.006 0.008 

Locus 13 : 
15 alleles
31.2% missing data
 285   (0.276) 0.336 0.277 0.350 0.313 
 291   (0.120) 0.298 0.119 0.076 0.071 
 289   (0.175) 0.114 0.175 0.217 0.274 
 277   (0.040) 0.062 0.040 0.015 0.013 
 273   (0.040) 0.015 0.039 0.070 0.148 
 293   (0.068) 0.018 0.070 0.048 0.038 
 287   (0.043) 0.014 0.042 0.125 0.041 
 295   (0.047) 0.084 0.047 0.016 0.015 
 301   (0.018) 0.011 0.017 0.005 0.004 
 303   (0.029) 0.010 0.029 0.013 0.020 
 279   (0.028) 0.011 0.028 0.017 0.016 
 181   (0.017) 0.004 0.016 0.007 0.010 
 283   (0.043) 0.008 0.045 0.013 0.011 
 281   (0.017) 0.006 0.017 0.006 0.007 
 297   (0.039) 0.010 0.039 0.022 0.021 

Values of parameters used in structure:
DATAFILE=bws18_structure.txt,	OUTFILE=bws18_structurek4_2_results,	NUMINDS=141,	NUMLOCI=13,	MISSING=-9,	LABEL=1,	POPDATA=1,	POPFLAG=0,	PHENOTYPE=0,	EXTRACOLS=0,	MAXPOPS=4,	BURNIN=10000,	NUMREPS=20000,	USEPOPINFO=0,	INFERALPHA=1,	INFERLAMBDA=0,	POPSPECIFICLAMBDA=0,	POPALPHAS=0,	COMPUTEPROB=1,	NOADMIX=0,	ADMBURNIN=500,	UPDATEFREQ=100,	PRINTLIKES=0,	INTERMEDSAVE=0,	PRINTKLD=0,	PRINTNET=1,	PRINTLAMBDA=1,	ANCESTDIST=0,	NUMBOXES=1000,	ANCESTPINT=0.90000,	GENSBACK=2,	MIGRPRIOR=0.01000,	PRINTQHAT=0,	PRINTQSUM=1,	ALPHA=1.0000,	FREQSCORR=1,	FPRIORMEAN=0.0100,	FPRIORSD=0.0500,	ONEFST=0,	LAMBDA=1.0000,	UNIFPRIORALPHA=1,	ALPHAMAX=10.0000,	ALPHAPRIORA=1.0000,	ALPHAPRIORB=2.0000,	ALPHAPROPSD=0.0250,	STARTATPOPINFO=0,	RANDOMIZE=1,	LINKAGE=0,	METROFREQ=10,	REPORTHITRATE=0,	MARKOVPHASE=0,	PHASED=0,	PLOIDY=2,	PHASEINFO=0	LOCPRIOR=0, 	LOCPRIORINIT=1.000000, 	LOCDATA=0, 	LOCISPOP=1, 	LOCPRIORSTEP=0.100000, 	MAXLOCPRIOR=20.000000, 	SEED=1680179501,	
[STRAT parameters]:    NUMSIMSTATS=1000,	PHENOTYPECOL=-9,	POOLFREQ=10,	LOCUSxONLY=0,	EMERROR=0.00100,	MISSINGPHENO=-9,	